Herrick/MaxEnt/T_distichum_1979_02/Taxodium_distichum.asc
ncols         74
nrows         38
xllcorner     -106.64565579308
yllcorner     24.396312300244
cellsize      0.427930777738
NODATA_value  -9999
[rows 0 to 29 of 38, columns 0 to 67 of 74]
-9999 -9999 -9999 -9999 -9999 -9999 -9999 -9999 -9999 -9999 -9999 -9999 -9999 -9999 -9999 -9999 -9999 -9999 -9999 -9999 -9999 -9999 -9999 -9999 -9999 -9999 -9999 -9999 -9999 -9999 -9999 -9999 -9999 -9999 -9999 -9999 -9999 -9999 -9999 -9999 -9999 -9999 -9999 -9999 -9999 -9999 -9999 -9999 -9999 -9999 -9999 -9999 -9999 -9999 -9999 -9999 -9999 -9999 -9999 -9999 -9999 -9999 -9999 -9999 -9999 -9999 -9999 -9999
-9999 -9999 -9999 -9999 -9999 -9999 -9999 -9999 -9999 -9999 -9999 -9999 -9999 -9999 -9999 -9999 -9999 -9999 -9999 -9999 -9999 -9999 -9999 -9999 -9999 -9999 -9999 -9999 -9999 -9999 -9999 -9999 -9999 -9999 -9999 -9999 -9999 -9999 -9999 -9999 -9999 -9999 -9999 -9999 -9999 -9999 -9999 -9999 -9999 -9999 -9999 -9999 -9999 -9999 -9999 -9999 -9999 -9999 -9999 -9999 -9999 -9999 -9999 -9999 -9999 -9999 -9999 -9999
-9999 -9999 -9999 -9999 -9999 -9999 -9999 -9999 -9999 -9999 -9999 -9999 -9999 -9999 -9999 -9999 -9999 -9999 -9999 -9999 -9999 -9999 -9999 -9999 -9999 -9999 -9999 -9999 -9999 -9999 -9999 -9999 -9999 -9999 -9999 -9999 -9999 -9999 -9999 -9999 -9999 -9999 -9999 -9999 -9999 -9999 -9999 -9999 -9999 -9999 -9999 -9999 -9999 -9999 -9999 -9999 -9999 -9999 -9999 -9999 6.01705E-2 6.01705E-2 5.14824E-2 8.13033E-2 5.59881E-2 5.59881E-2 1.44006E-1 2.42817E-1
-9999 -9999 -9999 -9999 -9999 -9999 -9999 -9999 -9999 -9999 -9999 -9999 -9999 -9999 -9999 -9999 -9999 -9999 -9999 -9999 -9999 -9999 -9999 -9999 -9999 -9999 -9999 -9999 -9999 -9999 -9999 -9999 -9999 -9999 -9999 -9999 -9999 -9999 -9999 -9999 -9999 -9999 -9999 -9999 -9999 -9999 -9999 -9999 -9999 -9999 -9999 -9999 -9999 -9999 -9999 -9999 -9999 -9999 1.23684E-1 1.37775E-1 1.13036E-1 4.9951E-2 5.67209E-2 4.24622E-2 8.47409E-2 1.85778E-1 1.85778E-1 3.11865E-1
-9999 -9999 -9999 -9999 -9999 -9999 -9999 -9999 -9999 -9999 -9999 -9999 -9999 -9999 -9999 -9999 -9999 -9999 -9999 -9999 -9999 -9999 -9999 -9999 -9999 -9999 -9999 -9999 -9999 -9999 -9999 -9999 -9999 -9999 -9999 -9999 -9999 -9999 -9999 -9999 -9999 -9999 -9999 -9999 -9999 -9999 -9999 -9999 -9999 -9999 8.88106E-2 1.91594E-1 1.91594E-1 -9999 -9999 1.16793E-1 -9999 2.01469E-1 1.01831E-1 9.85854E-2 5.43264E-2 3.27081E-2 3.27081E-2 6.86833E-2 9.56854E-2 9.56854E-2 2.33373E-1 2.36663E-1
-9999 -9999 -9999 -9999 -9999 -9999 -9999 -9999 -9999 -9999 -9999 -9999 -9999 -9999 -9999 -9999 -9999 -9999 -9999 -9999 -9999 -9999 -9999 -9999 -9999 -9999 -9999 -9999 -9999 -9999 -9999 -9999 -9999 -9999 -9999 -9999 -9999 -9999 -9999 -9999 -9999 -9999 -9999 -9999 -9999 -9999 -9999 -9999 -9999 9.13029E-2 1.76328E-2 1.76328E-2 1.05749E-1 1.11206E-1 1.22061E-1 1.36343E-1 1.68548E-1 1.83452E-1 1.45746E-1 1.25725E-1 5.43264E-2 2.25738E-2 6.86833E-2 8.07202E-2 9.07302E-2 1.11694E-1 1.10471E-1 2.63931E-1
-9999 -9999 -9999 -9999 -9999 -9999 -9999 -9999 -9999 -9999 -9999 -9999 -9999 -9999 -9999 -9999 -9999 -9999 -9999 -9999 -9999 -9999 -9999 -9999 -9999 -9999 -9999 -9999 -9999 -9999 -9999 -9999 -9999 -9999 -9999 -9999 -9999 -9999 -9999 -9999 -9999 -9999 -9999 -9999 -9999 -9999 1.58865E-1 1.62906E-1 1.79731E-1 8.33518E-2 9.03557E-2 9.03557E-2 8.45697E-2 9.62869E-2 8.19434E-2 1.33835E-1 1.31428E-1 1.19285E-1 1.31741E-1 1.0561E-1 1.0561E-1 2.25738E-2 5.76653E-2 5.49687E-2 5.49687E-2 1.12496E-1 1.9272E-1 4.22197E-1
-9999 -9999 -9999 -9999 -9999 -9999 -9999 -9999 -9999 -9999 -9999 -9999 -9999 -9999 -9999 -9999 -9999 -9999 -9999 -9999 -9999 -9999 -9999 -9999 -9999 -9999 -9999 -9999 -9999 -9999 -9999 -9999 -9999 -9999 -9999 -9999 -9999 -9999 -9999 -9999 -9999 -9999 -9999 9.10793E-2 5.00511E-2 1.19901E-1 2.21298E-2 2.72147E-2 1.30076E-1 7.04605E-2 7.04605E-2 8.09788E-2 6.86405E-2 3.14055E-2 7.17138E-2 5.42473E-2 5.76712E-2 1.04518E-1 7.14827E-2 5.68938E-2 1.14874E-1 6.25968E-2 7.40013E-2 1.27258E-1 1.44171E-1 1.30006E-1 2.17561E-1 4.02148E-1
-9999 -9999 -9999 -9999 -9999 -9999 -9999 -9999 -9999 -9999 -9999 -9999 -9999 -9999 -9999 -9999 -9999 -9999 -9999 -9999 -9999 -9999 -9999 -9999 -9999 -9999 -9999 -9999 -9999 -9999 -9999 -9999 -9999 -9999 -9999 -9999 -9999 -9999 -9999 -9999 -9999 2.05296E-1 1.51263E-1 5.00511E-2 1.21836E-2 5.61643E-2 5.43019E-2 8.05329E-2 7.99611E-2 6.61211E-2 5.7183E-2 3.8343E-2 3.05079E-2 3.62483E-2 2.83791E-2 3.06972E-2 5.86768E-2 5.62816E-2 5.33251E-2 4.13288E-2 9.59808E-2 4.3831E-2 6.07367E-2 1.05E-1 1.12558E-1 1.68338E-1 2.51786E-1 3.83923E-1
-9999 -9999 -9999 -9999 -9999 -9999 -9999 -9999 -9999 -9999 -9999 -9999 -9999 -9999 -9999 -9999 -9999 -9999 -9999 -9999 -9999 -9999 -9999 -9999 -9999 -9999 -9999 -9999 -9999 -9999 -9999 -9999 -9999 -9999 -9999 -9999 -9999 -9999 -9999 -9999 2.33382E-1 1.20337E-1 1.26683E-1 1.55958E-1 8.00594E-2 8.00594E-2 7.54542E-2 4.43258E-2 4.49356E-2 2.8608E-2 2.87077E-2 3.63269E-2 2.1811E-2 3.43512E-2 5.60211E-2 8.33522E-2 6.51465E-2 6.19953E-2 6.19953E-2 4.13288E-2 2.98563E-2 4.83742E-2 5.31861E-2 9.17672E-2 1.23906E-1 1.94003E-1 1.17501E-1 1.70276E-1
-9999 -9999 -9999 -9999 -9999 -9999 -9999 -9999 1.10082E-2 4.51795E-2 5.74522E-2 5.74522E-2 3.96049E-2 4.3835E-2 5.97698E-2 7.25092E-2 -9999 -9999 -9999 -9999 -9999 -9999 -9999 -9999 -9999 -9999 -9999 -9999 1.95526E-1 1.47308E-1 1.6271E-1 9.94445E-2 1.1319E-1 1.14643E-1 1.47617E-1 1.08575E-1 3.87917E-2 1.09399E-1 -9999 -9999 2.26515E-1 1.90709E-1 1.58697E-1 1.55958E-1 1.13078E-1 9.31334E-2 9.31422E-2 1.49295E-2 5.53166E-2 2.8608E-2 8.16286E-3 9.25098E-3 8.11738E-2 4.21204E-2 5.34497E-2 5.6026E-2 5.33984E-2 6.35307E-2 6.32319E-2 5.17164E-2 3.60213E-2 3.94796E-2 3.86049E-2 8.43975E-2 9.96027E-2 1.59335E-1 7.0301E-2 2.74047E-1
-9999 -9999 -9999 -9999 -9999 -9999 -9999 -9999 1.50188E-2 3.16239E-2 4.28191E-2 3.73307E-2 2.118E-2 2.64957E-2 2.85598E-2 6.63208E-2 -9999 -9999 -9999 -9999 -9999 -9999 -9999 -9999 -9999 -9999 -9999 -9999 1.87667E-1 1.47308E-1 1.64311E-1 1.38256E-1 1.70642E-1 1.38186E-1 1.38186E-1 1.33771E-1 8.63412E-2 6.05523E-2 8.0455E-2 1.49453E-1 1.61912E-1 1.53555E-1 1.58697E-1 8.56E-2 1.29257E-1 2.44618E-2 1.35063E-2 4.83986E-2 1.33558E-2 1.33558E-2 1.0376E-2 9.69118E-3 1.47003E-2 1.03534E-1 7.76661E-2 2.35173E-2 5.23705E-2 5.6496E-2 6.32319E-2 7.90205E-2 9.17314E-2 4.33758E-2 2.13236E-1 1.05725E-1 9.96027E-2 1.25464E-1 7.00791E-2 7.00791E-2
-9999 -9999 -9999 -9999 -9999 -9999 -9999 -9999 2.71365E-2 2.33601E-2 2.67492E-2 2.50202E-2 2.118E-2 3.11643E-2 2.85598E-2 4.65366E-2 -9999 -9999 -9999 -9999 -9999 -9999 -9999 -9999 -9999 -9999 -9999 -9999 -9999 1.75492E-1 1.99352E-1 1.62697E-1 1.70642E-1 1.32292E-1 1.23375E-1 1.55171E-1 1.18727E-1 1.18727E-1 2.56126E-1 1.58659E-1 1.55508E-1 2.51104E-1 2.24224E-1 1.02863E-1 1.5399E-1 9.03654E-2 1.15818E-1 3.53005E-3 1.77631E-1 1.23387E-1 1.51334E-1 1.3219E-1 1.54506E-1 1.31518E-1 1.00163E-1 2.21444E-2 2.21444E-2 8.81997E-2 9.43231E-2 8.51914E-2 9.41109E-2 1.6224E-1 1.97975E-1 5.19712E-2 1.5186E-1 1.5186E-1 3.18507E-1 3.91114E-1
-9999 -9999 -9999 -9999 -9999 -9999 -9999 -9999 2.09916E-2 1.75571E-2 1.95708E-2 2.05678E-2 2.76486E-2 3.32416E-2 6.28857E-2 8.1832E-2 -9999 -9999 -9999 -9999 -9999 -9999 -9999 -9999 -9999 -9999 -9999 -9999 -9999 1.75492E-1 2.35551E-1 2.27595E-1 2.54232E-1 1.26233E-1 3.58296E-1 3.87639E-1 3.87639E-1 9.48585E-2 3.43164E-1 2.80729E-1 2.26632E-1 2.16132E-1 4.10509E-1 3.38712E-1 2.05625E-1 1.47196E-1 5.5649E-2 1.36757E-1 1.63635E-1 1.70577E-1 1.26494E-1 1.07528E-1 1.18178E-1 1.13898E-1 9.26045E-2 4.7978E-2 2.47379E-1 2.15122E-1 1.41964E-1 1.40538E-1 1.37509E-1 3.66722E-1 3.66722E-1 4.40911E-2 1.08346E-1 1.5632E-1 1.5632E-1 5.11846E-1
-9999 -9999 -9999 -9999 -9999 -9999 -9999 -9999 1.80039E-2 3.55449E-2 2.0438E-2 2.88183E-2 3.92386E-2 4.56638E-2 6.28857E-2 1.11413E-1 -9999 -9999 -9999 -9999 -9999 -9999 -9999 -9999 -9999 -9999 -9999 -9999 1.75734E-1 1.55234E-1 1.76074E-1 1.86125E-1 2.78633E-1 3.65321E-1 3.87654E-1 5.62352E-1 5.83514E-1 5.97846E-1 6.10353E-1 3.38174E-1 3.03623E-1 3.01259E-1 3.38712E-1 3.48834E-1 2.46575E-1 1.99414E-1 2.64077E-1 2.07296E-1 1.65697E-1 9.49869E-2 1.53633E-1 1.24752E-1 1.11853E-1 2.02305E-1 2.37621E-1 1.95197E-1 2.47379E-1 1.56006E-1 1.68158E-1 1.24704E-1 3.59163E-1 2.32807E-1 6.44577E-1 3.94776E-1 9.73768E-2 1.65454E-1 5.01403E-1 4.83117E-1
-9999 -9999 -9999 -9999 -9999 -9999 -9999 -9999 3.63849E-2 3.63849E-2 2.58746E-2 3.01446E-2 4.18573E-2 7.22179E-2 7.41649E-2 8.75268E-2 1.26923E-1 1.29381E-1 1.60872E-1 2.00631E-1 -9999 -9999 -9999 -9999 -9999 -9999 -9999 -9999 1.79066E-1 1.79066E-1 1.84914E-1 1.7478E-1 4.48058E-1 5.41142E-1 5.06829E-1 6.23354E-1 4.5858E-1 6.1244E-1 6.1244E-1 5.39782E-1 4.49053E-1 4.59869E-1 4.45141E-1 4.75217E-1 3.95023E-1 3.30523E-1 3.84257E-1 1.81649E-1 2.09742E-1 1.9935E-1 1.93281E-1 1.9826E-1 2.10539E-1 1.85111E-1 1.85111E-1 1.74234E-1 1.78451E-1 1.85158E-1 1.59441E-1 2.51032E-1 1.81658E-1 2.5972E-1 4.80111E-1 4.80111E-1 4.44734E-1 4.38505E-1 6.14978E-1 -9999
-9999 -9999 -9999 -9999 -9999 -9999 -9999 -9999 2.32239E-2 3.9628E-2 4.97269E-2 4.17577E-2 4.17577E-2 3.1723E-2 8.81672E-2 1.07631E-1 1.18439E-1 9.41493E-2 1.18827E-1 1.67127E-1 1.35841E-1 1.12381E-1 1.14289E-1 1.75427E-1 1.95362E-1 1.81222E-1 1.61688E-1 2.22603E-1 1.72928E-1 3.72466E-1 3.86889E-1 3.89957E-1 4.48058E-1 5.26385E-1 5.36707E-1 4.54071E-1 6.46475E-1 6.46475E-1 6.46709E-1 4.20865E-1 4.10739E-1 3.97617E-1 4.45141E-1 5.92382E-1 3.48814E-1 3.39676E-1 3.22711E-1 3.22711E-1 2.28465E-1 1.95634E-1 1.58354E-1 1.79914E-1 2.02324E-1 2.3351E-1 2.10771E-1 2.16283E-1 2.10818E-1 2.89831E-1 3.8137E-1 4.93034E-1 4.93034E-1 2.5972E-1 1.07534E-1 4.95914E-1 4.67489E-1 -9999 -9999 -9999
-9999 -9999 -9999 -9999 -9999 -9999 -9999 -9999 4.85586E-2 4.85586E-2 4.56641E-2 3.11198E-2 3.75374E-2 3.49879E-2 4.38596E-2 5.55319E-2 7.43299E-2 1.10156E-1 1.37838E-1 1.36988E-1 1.43867E-1 1.53082E-1 1.6684E-1 2.05335E-1 1.95362E-1 8.79261E-2 2.87684E-1 3.69497E-1 1.30748E-1 3.72466E-1 4.94905E-1 3.91582E-1 4.50102E-1 4.68398E-1 5.25384E-1 4.33336E-1 4.33336E-1 6.48877E-1 6.6549E-1 4.25251E-1 3.89028E-1 3.97617E-1 6.01392E-1 6.18153E-1 4.73409E-1 4.37023E-1 1.69819E-1 2.0818E-1 2.3007E-1 2.14343E-1 1.76359E-1 1.62442E-1 1.77921E-1 1.77921E-1 2.10932E-1 2.94878E-1 2.74058E-1 2.84895E-1 6.35058E-1 1.0473E-1 3.3117E-1 3.45919E-2 4.76575E-1 5.45374E-1 -9999 -9999 -9999 -9999
-9999 -9999 -9999 -9999 -9999 -9999 -9999 -9999 3.57539E-2 6.08389E-2 5.57824E-2 2.17175E-2 4.44805E-2 4.60874E-2 5.28394E-2 6.31177E-2 1.25414E-1 1.24273E-1 1.24604E-1 1.589E-1 1.48084E-1 1.48642E-1 1.56347E-1 1.65941E-1 2.71195E-1 3.32585E-1 7.9662E-2 3.49029E-1 3.23025E-1 5.12886E-1 4.97525E-1 4.88584E-1 4.96394E-1 5.10338E-1 5.25424E-1 4.92268E-1 2.84089E-1 3.60028E-1 5.14004E-1 4.83835E-1 5.11218E-1 5.16907E-1 5.15852E-1 6.04075E-1 6.16394E-1 4.4506E-1 4.32404E-1 2.49648E-1 2.11339E-1 2.62708E-1 2.46405E-1 2.65022E-1 1.68513E-1 2.97859E-1 2.97859E-1 3.0858E-1 2.87877E-1 4.42116E-1 6.48251E-1 7.05828E-1 7.05828E-1 1.93244E-1 7.01075E-1 -9999 -9999 -9999 -9999 -9999
-9999 -9999 -9999 -9999 -9999 -9999 -9999 -9999 3.64609E-2 3.64609E-2 2.89908E-2 2.17175E-2 2.38572E-2 2.61596E-2 6.54762E-2 8.50545E-2 1.30081E-1 1.32058E-1 1.3278E-1 1.65343E-1 1.62489E-1 1.94313E-1 1.82388E-1 1.72302E-1 3.69416E-1 2.41183E-1 3.3733E-1 3.2641E-1 3.48742E-1 3.48742E-1 5.31512E-1 6.0374E-1 5.82218E-1 5.25706E-1 5.93471E-1 2.53474E-1 1.77347E-1 3.93368E-1 4.61435E-1 5.18663E-1 5.11218E-1 5.07474E-1 4.98944E-1 5.61307E-1 6.00603E-1 6.21227E-1 4.32404E-1 4.15656E-1 4.34185E-1 2.88933E-1 3.66709E-1 3.66568E-1 4.7812E-1 4.7812E-1 3.03493E-1 3.13287E-1 4.5276E-1 4.77012E-1 6.46907E-1 7.01E-1 6.94723E-1 -9999 -9999 -9999 -9999 -9999 -9999 -9999
1.88543E-2 1.66835E-2 2.02813E-2 1.10285E-2 2.41958E-2 2.77665E-2 2.77665E-2 3.42901E-2 3.47406E-2 3.6918E-2 3.36782E-2 2.33047E-2 2.42976E-2 3.01534E-2 6.54762E-2 7.56386E-2 1.04596E-1 1.03686E-1 1.17891E-1 8.78249E-2 1.96488E-1 1.96488E-1 2.60759E-1 2.93233E-1 3.53273E-1 3.39784E-1 3.19494E-1 3.15912E-1 3.01581E-1 5.26294E-1 5.75781E-1 5.96704E-1 5.96704E-1 6.01995E-1 5.88342E-1 2.01903E-1 1.64372E-1 3.54566E-1 2.75934E-1 5.18663E-1 5.12482E-1 4.8877E-1 5.16626E-1 6.12977E-1 5.54913E-1 5.21969E-1 5.21969E-1 4.6148E-1 4.51199E-1 3.35248E-1 5.1511E-1 3.66568E-1 5.16466E-1 3.29998E-1 3.00264E-1 6.30591E-1 4.17311E-1 4.65164E-1 7.178E-1 7.178E-1 -9999 -9999 -9999 -9999 -9999 -9999 -9999 -9999
-9999 1.43471E-2 7.67461E-3 1.11991E-2 1.36332E-2 1.65469E-2 3.01874E-2 3.05881E-2 2.18176E-2 3.19322E-2 3.43661E-2 2.33047E-2 2.66208E-2 3.03501E-2 3.40936E-2 4.53881E-2 9.27592E-2 1.11774E-1 1.11774E-1 1.30785E-1 1.86657E-1 1.8444E-1 2.49077E-1 2.87974E-1 3.53273E-1 3.27491E-1 3.11736E-1 3.10018E-1 3.15676E-1 3.62015E-1 5.09928E-1 5.09928E-1 6.02734E-1 6.0058E-1 1.72219E-1 1.85721E-1 1.78278E-1 5.1943E-1 5.26109E-1 5.33911E-1 4.81843E-1 5.87367E-1 5.85819E-1 6.25316E-1 5.47634E-1 5.76101E-1 5.11541E-1 5.33536E-1 5.093E-1 5.12425E-1 5.1511E-1 3.2822E-1 3.22608E-1 3.14203E-1 3.01983E-1 3.04718E-1 6.54065E-1 6.84584E-1 6.84584E-1 7.01846E-1 -9999 -9999 -9999 -9999 -9999 -9999 -9999 -9999
-9999 -9999 1.06562E-2 1.19625E-2 1.06922E-2 1.16279E-2 2.09275E-2 2.16464E-2 2.33841E-2 3.95203E-2 3.80529E-2 3.70951E-2 2.86409E-2 3.16011E-2 3.56103E-2 3.56103E-2 9.27592E-2 1.39719E-1 1.95879E-1 1.85175E-1 1.83624E-1 1.8444E-1 3.46425E-1 3.48775E-1 3.35229E-1 3.89908E-1 3.85764E-1 3.77236E-1 3.77236E-1 5.59242E-1 6.20319E-1 5.18451E-1 6.07067E-1 6.62762E-1 6.4321E-1 2.6684E-1 2.6684E-1 5.14704E-1 5.27766E-1 5.30564E-1 6.31103E-1 6.22676E-1 6.07338E-1 6.10817E-1 6.20083E-1 5.51476E-1 6.46768E-1 6.42532E-1 5.20201E-1 5.97972E-1 5.02342E-1 5.02342E-1 4.79182E-1 3.39355E-1 4.07424E-1 6.50823E-1 6.54065E-1 6.81798E-1 6.72924E-1 -9999 -9999 -9999 -9999 -9999 -9999 -9999 -9999 -9999
-9999 -9999 -9999 -9999 1.14652E-2 1.12392E-2 2.07945E-2 1.91384E-2 2.46672E-2 2.74368E-2 2.73359E-2 3.05163E-2 3.52378E-2 3.16011E-2 5.46909E-2 6.447E-2 1.51722E-1 1.29771E-1 2.22182E-1 2.22105E-1 2.04745E-1 2.00897E-1 2.96765E-1 3.60555E-1 3.27642E-1 3.78321E-1 3.85764E-1 3.83411E-1 4.24055E-1 5.62064E-1 6.10672E-1 6.9446E-1 7.03176E-1 6.4022E-1 3.775E-1 3.775E-1 3.85525E-1 6.2135E-1 6.35061E-1 6.35061E-1 6.31103E-1 6.36018E-1 5.88645E-1 5.9425E-1 6.30452E-1 5.93845E-1 6.55981E-1 6.09041E-1 6.76548E-1 6.59457E-1 6.77823E-1 5.2309E-1 4.33317E-1 4.72285E-1 4.62023E-1 4.05502E-1 6.89324E-1 6.89324E-1 6.88348E-1 -9999 -9999 -9999 -9999 -9999 -9999 -9999 -9999 -9999
-9999 -9999 -9999 -9999 -9999 1.27284E-2 1.35312E-2 1.63934E-2 1.88358E-2 2.5581E-2 2.47309E-2 3.35475E-2 4.73688E-2 6.70462E-2 7.01946E-2 1.0437E-1 1.30781E-1 1.8025E-1 1.97658E-1 2.10648E-1 2.10199E-1 1.55306E-1 2.28221E-1 3.60555E-1 4.09866E-1 3.74081E-1 4.18166E-1 4.59078E-1 6.31803E-1 6.68437E-1 6.07354E-1 5.15298E-1 5.15298E-1 5.69126E-1 6.09704E-1 3.80221E-1 3.80221E-1 4.20926E-1 4.20926E-1 6.19129E-1 6.19426E-1 -9999 6.47309E-1 -9999 -9999 -9999 -9999 -9999 6.76548E-1 6.78218E-1 6.38174E-1 6.00786E-1 6.19777E-1 5.78401E-1 4.91967E-1 6.22255E-1 6.69721E-1 6.66677E-1 6.7496E-1 -9999 -9999 -9999 -9999 -9999 -9999 -9999 -9999 -9999
-9999 -9999 -9999 -9999 -9999 1.17366E-2 9.94124E-3 1.99746E-2 1.95099E-2 -9999 -9999 -9999 4.17038E-2 9.95874E-2 1.34425E-1 1.31885E-1 1.52416E-1 1.79075E-1 1.86137E-1 1.90453E-1 2.07229E-1 3.35962E-1 3.19977E-1 3.06632E-1 4.09866E-1 5.98229E-1 5.57121E-1 4.49512E-1 4.86719E-1 4.7479E-1 6.07354E-1 4.61957E-1 4.5791E-1 4.47518E-1 4.30247E-1 4.30247E-1 4.40669E-1 5.72917E-1 3.48205E-1 4.13256E-1 -9999 -9999 -9999 -9999 -9999 -9999 -9999 -9999 -9999 -9999 6.50388E-1 6.82191E-1 -9999 -9999 5.2103E-1 6.48865E-1 6.66677E-1 6.33522E-1 6.50802E-1 6.6976E-1 -9999 -9999 -9999 -9999 -9999 -9999 -9999 -9999
-9999 -9999 -9999 -9999 -9999 -9999 7.82245E-3 1.67662E-2 2.66053E-2 -9999 -9999 -9999 -9999 4.92102E-2 1.30009E-1 1.81588E-1 2.14735E-1 2.10543E-1 1.75775E-1 2.07157E-1 2.58826E-1 3.35962E-1 3.37536E-1 4.83E-1 5.89579E-1 6.36013E-1 6.3299E-1 4.49512E-1 -9999 -9999 -9999 -9999 -9999 -9999 -9999 3.9823E-1 3.9823E-1 4.1209E-1 4.09006E-1 4.03882E-1 4.03882E-1 -9999 -9999 -9999 -9999 -9999 -9999 -9999 -9999 -9999 -9999 -9999 -9999 -9999 -9999 6.41988E-1 6.37901E-1 6.73105E-1 6.6882E-1 6.65755E-1 -9999 -9999 -9999 -9999 -9999 -9999 -9999 -9999
-9999 -9999 -9999 -9999 -9999 -9999 -9999 -9999 -9999 -9999 -9999 -9999 -9999 -9999 1.16052E-1 1.63756E-1 3.05652E-1 3.05652E-1 2.30857E-1 2.87601E-1 3.49794E-1 3.53274E-1 3.79232E-1 3.79232E-1 5.89579E-1 6.02682E-1 6.50076E-1 -9999 -9999 -9999 -9999 -9999 -9999 -9999 -9999 -9999 -9999 -9999 -9999 -9999 -9999 -9999 -9999 -9999 -9999 -9999 -9999 -9999 -9999 -9999 -9999 -9999 -9999 -9999 -9999 -9999 6.44034E-1 6.48819E-1 6.27911E-1 6.51013E-1 -9999 -9999 -9999 -9999 -9999 -9999 -9999 -9999
-9999 -9999 -9999 -9999 -9999 -9999 -9999 -9999 -9999 -9999 -9999 -9999 -9999 -9999 -9999 7.38971E-2 1.86097E-1 3.06024E-1 3.196E-1 5.24727E-1 5.24727E-1 3.53274E-1 4.94121E-1 3.67571E-1 -9999 -9999 -9999 -9999 -9999 -9999 -9999 -9999 -9999 -9999 -9999 -9999 -9999 -9999 -9999 -9999 -9999 -9999 -9999 -9999 -9999 -9999 -9999 -9999 -9999 -9999 -9999 -9999 -9999 -9999 -9999 -9999 -9999 6.48501E-1 6.5314E-1 6.51258E-1 6.68271E-1 -9999 -9999 -9999 -9999 -9999 -9999 -9999
-9999 -9999 -9999 -9999 -9999 -9999 -9999 -9999 -9999 -9999 -9999 -9999 -9999 -9999 -9999 -9999 1.46395E-1 1.46395E-1 3.14167E-1 5.06712E-1 5.03567E-1 4.90221E-1 4.6241E-1 -9999 -9999 -9999 -9999 -9999 -9999 -9999 -9999 -9999 -9999 -9999 -9999 -9999 -9999 -9999 -9999 -9999 -9999 -9999 -9999 -9999 -9999 -9999 -9999 -9999 -9999 -9999 -9999 -9999 -9999 -9999 -9999 -9999 6.34667E-1 6.56621E-1 6.50816E-1 6.56357E-1 6.71297E-1 -9999 -9999 -9999 -9999 -9999 -9999 -9999
