Herrick/MaxEnt/P_palustris/pinpal_median.asc
ncols         74
nrows         38
xllcorner     -106.64565579308
yllcorner     24.396312300244
cellsize      0.427930777738
NODATA_value  -9999
[rows 0 to 29 of 38, columns 0 to 67 of 74]
-9999 -9999 -9999 -9999 -9999 -9999 -9999 -9999 -9999 -9999 -9999 -9999 -9999 -9999 -9999 -9999 -9999 -9999 -9999 -9999 -9999 -9999 -9999 -9999 -9999 -9999 -9999 -9999 -9999 -9999 -9999 -9999 -9999 -9999 -9999 -9999 -9999 -9999 -9999 -9999 -9999 -9999 -9999 -9999 -9999 -9999 -9999 -9999 -9999 -9999 -9999 -9999 -9999 -9999 -9999 -9999 -9999 -9999 -9999 -9999 -9999 -9999 -9999 -9999 -9999 -9999 -9999 -9999
-9999 -9999 -9999 -9999 -9999 -9999 -9999 -9999 -9999 -9999 -9999 -9999 -9999 -9999 -9999 -9999 -9999 -9999 -9999 -9999 -9999 -9999 -9999 -9999 -9999 -9999 -9999 -9999 -9999 -9999 -9999 -9999 -9999 -9999 -9999 -9999 -9999 -9999 -9999 -9999 -9999 -9999 -9999 -9999 -9999 -9999 -9999 -9999 -9999 -9999 -9999 -9999 -9999 -9999 -9999 -9999 -9999 -9999 -9999 -9999 -9999 -9999 -9999 -9999 -9999 -9999 -9999 -9999
-9999 -9999 -9999 -9999 -9999 -9999 -9999 -9999 -9999 -9999 -9999 -9999 -9999 -9999 -9999 -9999 -9999 -9999 -9999 -9999 -9999 -9999 -9999 -9999 -9999 -9999 -9999 -9999 -9999 -9999 -9999 -9999 -9999 -9999 -9999 -9999 -9999 -9999 -9999 -9999 -9999 -9999 -9999 -9999 -9999 -9999 -9999 -9999 -9999 -9999 -9999 -9999 -9999 -9999 -9999 -9999 -9999 -9999 -9999 -9999 3.50852E-2 3.50852E-2 9.64695E-3 1.43563E-2 1.07652E-3 1.07652E-3 3.96239E-2 7.37609E-2
-9999 -9999 -9999 -9999 -9999 -9999 -9999 -9999 -9999 -9999 -9999 -9999 -9999 -9999 -9999 -9999 -9999 -9999 -9999 -9999 -9999 -9999 -9999 -9999 -9999 -9999 -9999 -9999 -9999 -9999 -9999 -9999 -9999 -9999 -9999 -9999 -9999 -9999 -9999 -9999 -9999 -9999 -9999 -9999 -9999 -9999 -9999 -9999 -9999 -9999 -9999 -9999 -9999 -9999 -9999 -9999 -9999 -9999 1.0168E-1 1.15273E-1 9.54575E-2 3.88685E-2 4.33016E-2 6.3143E-3 1.38443E-3 7.82862E-2 7.82862E-2 1.33854E-1
-9999 -9999 -9999 -9999 -9999 -9999 -9999 -9999 -9999 -9999 -9999 -9999 -9999 -9999 -9999 -9999 -9999 -9999 -9999 -9999 -9999 -9999 -9999 -9999 -9999 -9999 -9999 -9999 -9999 -9999 -9999 -9999 -9999 -9999 -9999 -9999 -9999 -9999 -9999 -9999 -9999 -9999 -9999 -9999 -9999 -9999 -9999 -9999 -9999 -9999 1.165E-1 1.93742E-1 1.93742E-1 -9999 -9999 1.43774E-1 -9999 2.35742E-1 1.01918E-1 1.1811E-1 1.35864E-1 2.70313E-2 2.70313E-2 7.22972E-6 1.10731E-2 1.10731E-2 8.89518E-2 1.7569E-1
-9999 -9999 -9999 -9999 -9999 -9999 -9999 -9999 -9999 -9999 -9999 -9999 -9999 -9999 -9999 -9999 -9999 -9999 -9999 -9999 -9999 -9999 -9999 -9999 -9999 -9999 -9999 -9999 -9999 -9999 -9999 -9999 -9999 -9999 -9999 -9999 -9999 -9999 -9999 -9999 -9999 -9999 -9999 -9999 -9999 -9999 -9999 -9999 -9999 7.00943E-2 4.50258E-2 4.50258E-2 1.92964E-1 1.36179E-1 1.55429E-1 1.80848E-1 2.45499E-1 2.38392E-1 1.84908E-1 1.60746E-1 1.35864E-1 7.84977E-6 7.22972E-6 5.69829E-5 2.0419E-2 2.10515E-2 3.00948E-2 2.49874E-1
-9999 -9999 -9999 -9999 -9999 -9999 -9999 -9999 -9999 -9999 -9999 -9999 -9999 -9999 -9999 -9999 -9999 -9999 -9999 -9999 -9999 -9999 -9999 -9999 -9999 -9999 -9999 -9999 -9999 -9999 -9999 -9999 -9999 -9999 -9999 -9999 -9999 -9999 -9999 -9999 -9999 -9999 -9999 -9999 -9999 -9999 6.73409E-2 1.34469E-1 1.14765E-1 1.16772E-1 1.36451E-1 1.36451E-1 1.81668E-1 1.03583E-1 7.69904E-2 1.00707E-1 1.5471E-1 2.06615E-1 2.37837E-1 1.19706E-2 1.19706E-2 7.84977E-6 1.70317E-3 1.8175E-3 1.8175E-3 1.87855E-2 2.29478E-1 2.31066E-1
-9999 -9999 -9999 -9999 -9999 -9999 -9999 -9999 -9999 -9999 -9999 -9999 -9999 -9999 -9999 -9999 -9999 -9999 -9999 -9999 -9999 -9999 -9999 -9999 -9999 -9999 -9999 -9999 -9999 -9999 -9999 -9999 -9999 -9999 -9999 -9999 -9999 -9999 -9999 -9999 -9999 -9999 -9999 9.59739E-2 6.01153E-2 7.18189E-2 4.50736E-2 5.55602E-2 1.05486E-1 8.06432E-2 8.06432E-2 1.17333E-1 9.60345E-2 6.89016E-2 1.01925E-1 1.10567E-1 1.36644E-1 1.22236E-1 5.51041E-2 4.64808E-4 3.49741E-3 2.31313E-3 1.34704E-2 1.76918E-2 1.73259E-1 2.39388E-1 2.47591E-1 2.60229E-1
-9999 -9999 -9999 -9999 -9999 -9999 -9999 -9999 -9999 -9999 -9999 -9999 -9999 -9999 -9999 -9999 -9999 -9999 -9999 -9999 -9999 -9999 -9999 -9999 -9999 -9999 -9999 -9999 -9999 -9999 -9999 -9999 -9999 -9999 -9999 -9999 -9999 -9999 -9999 -9999 -9999 1.68604E-1 1.96561E-1 6.01153E-2 4.87549E-2 5.24332E-2 5.32487E-2 8.50321E-2 1.4369E-1 8.38991E-2 1.38816E-1 8.8489E-2 4.83341E-2 4.11747E-2 4.73588E-2 5.97034E-2 5.4911E-2 6.48311E-3 3.96425E-3 9.76632E-5 2.85165E-3 2.43754E-3 1.681E-2 1.67998E-1 1.75845E-1 2.12883E-1 2.63179E-1 2.56707E-1
-9999 -9999 -9999 -9999 -9999 -9999 -9999 -9999 -9999 -9999 -9999 -9999 -9999 -9999 -9999 -9999 -9999 -9999 -9999 -9999 -9999 -9999 -9999 -9999 -9999 -9999 -9999 -9999 -9999 -9999 -9999 -9999 -9999 -9999 -9999 -9999 -9999 -9999 -9999 -9999 1.61339E-1 1.89151E-1 1.93294E-1 2.16707E-1 1.50744E-1 1.50744E-1 1.62166E-1 2.33596E-1 1.16843E-1 1.57291E-1 8.31517E-2 1.15264E-1 4.25626E-2 6.56427E-2 1.58897E-2 3.6649E-3 5.88431E-3 5.38285E-3 5.38285E-3 9.76632E-5 3.72373E-4 1.83076E-3 9.03617E-2 2.61062E-1 2.4309E-1 2.42772E-1 2.82016E-1 2.95033E-1
-9999 -9999 -9999 -9999 -9999 -9999 -9999 -9999 8.92219E-9 4.71705E-6 2.21111E-5 2.21111E-5 9.95974E-5 1.30145E-4 5.44345E-4 7.59564E-4 -9999 -9999 -9999 -9999 -9999 -9999 -9999 -9999 -9999 -9999 -9999 -9999 1.14948E-1 1.49342E-1 1.32309E-1 1.01182E-1 1.66146E-1 2.17305E-1 2.58129E-1 2.06168E-1 1.49448E-1 3.3397E-1 -9999 -9999 2.61034E-1 2.82362E-1 2.70803E-1 2.16707E-1 2.84689E-1 2.79759E-1 3.11608E-1 3.25764E-1 2.93028E-1 1.57291E-1 5.2844E-2 2.47101E-2 3.11271E-2 1.93719E-1 2.21596E-1 9.5091E-2 9.93035E-2 5.34783E-4 7.04559E-6 4.16057E-4 3.05426E-3 1.82595E-1 2.10339E-1 2.7863E-1 3.33715E-1 2.79106E-1 3.521E-1 3.83314E-1
-9999 -9999 -9999 -9999 -9999 -9999 -9999 -9999 6.81836E-9 5.97653E-6 5.22011E-6 6.69674E-5 5.90369E-4 1.16058E-3 1.21637E-3 1.84881E-3 -9999 -9999 -9999 -9999 -9999 -9999 -9999 -9999 -9999 -9999 -9999 -9999 1.04455E-1 1.49342E-1 1.1371E-2 4.27683E-3 1.70674E-2 9.92756E-2 9.92756E-2 3.46428E-1 3.27471E-1 3.0301E-1 2.75344E-1 2.60683E-1 2.42605E-1 2.29689E-1 2.70803E-1 3.13299E-1 3.25274E-1 2.20532E-1 3.34626E-1 3.27835E-1 2.79474E-1 2.79474E-1 2.95399E-2 4.22824E-2 1.47403E-1 2.15579E-1 2.38441E-1 1.26295E-4 6.03583E-5 1.64208E-5 7.04559E-6 5.12982E-2 3.12009E-1 2.63013E-1 8.1886E-1 3.56879E-1 3.33715E-1 4.41834E-1 3.98864E-1 3.98864E-1
-9999 -9999 -9999 -9999 -9999 -9999 -9999 -9999 9.20464E-6 7.50125E-6 9.60743E-5 9.05284E-5 5.90369E-4 6.52078E-4 1.21637E-3 4.40845E-3 -9999 -9999 -9999 -9999 -9999 -9999 -9999 -9999 -9999 -9999 -9999 -9999 -9999 3.35346E-1 1.85969E-1 6.69904E-2 1.70674E-2 3.04033E-1 2.76608E-1 2.5647E-1 1.64998E-1 1.64998E-1 2.42315E-1 2.53048E-1 2.90422E-1 3.1714E-1 3.94124E-1 3.09018E-1 4.18477E-1 3.15599E-1 3.73046E-1 3.14229E-1 4.53047E-1 7.15435E-2 1.7477E-1 4.21027E-1 7.92712E-2 1.38215E-3 1.85369E-5 1.67886E-5 1.67886E-5 1.21453E-1 9.60231E-2 1.96516E-1 3.72448E-1 4.94965E-1 7.78176E-1 4.22238E-1 4.92872E-1 4.92872E-1 5.14416E-1 5.38435E-1
-9999 -9999 -9999 -9999 -9999 -9999 -9999 -9999 6.16644E-6 3.72456E-7 1.01803E-5 1.30079E-4 1.15186E-4 9.08702E-4 2.94777E-3 5.65348E-3 -9999 -9999 -9999 -9999 -9999 -9999 -9999 -9999 -9999 -9999 -9999 -9999 -9999 3.35346E-1 1.97756E-1 3.75373E-1 4.11268E-1 2.89477E-1 3.32627E-1 1.91619E-1 1.91619E-1 1.79514E-1 2.4489E-1 5.2154E-1 3.01491E-1 3.50872E-1 5.21697E-1 5.29625E-1 3.0345E-1 4.35195E-1 3.91272E-1 4.31883E-1 1.80658E-1 1.71493E-1 2.91771E-1 3.67998E-2 8.57516E-2 8.81808E-4 1.29061E-4 1.46187E-5 1.53686E-1 1.77798E-1 3.38976E-1 5.54942E-1 5.09357E-1 5.75931E-1 5.75931E-1 4.48554E-1 5.08962E-1 5.23023E-1 5.23023E-1 5.09942E-1
-9999 -9999 -9999 -9999 -9999 -9999 -9999 -9999 4.27607E-7 9.68475E-6 1.15938E-5 1.70776E-4 1.42214E-3 3.9702E-3 2.94777E-3 2.94909E-2 -9999 -9999 -9999 -9999 -9999 -9999 -9999 -9999 -9999 -9999 -9999 -9999 1.16323E-1 6.98119E-2 1.7674E-1 2.69924E-1 3.60318E-1 2.96379E-1 3.6766E-1 2.67537E-1 2.77416E-1 3.07646E-1 3.47284E-1 4.485E-1 4.33969E-1 2.84868E-1 5.29625E-1 5.35033E-1 4.51094E-1 4.6164E-1 5.93306E-1 4.51584E-1 2.03019E-1 7.14784E-2 1.44759E-1 1.68901E-1 5.42157E-3 9.32143E-2 6.58316E-2 4.28381E-1 1.53686E-1 4.28649E-1 5.79007E-1 5.62377E-1 7.42824E-1 6.95848E-1 7.21738E-1 5.43105E-1 4.64271E-1 5.70487E-1 6.13899E-1 5.15441E-1
-9999 -9999 -9999 -9999 -9999 -9999 -9999 -9999 1.04142E-5 1.04142E-5 1.62733E-4 1.74883E-4 1.60205E-3 4.73222E-3 9.3643E-3 2.19884E-2 3.88059E-2 6.03461E-2 4.29299E-2 5.63989E-2 -9999 -9999 -9999 -9999 -9999 -9999 -9999 -9999 2.05758E-1 2.05758E-1 1.98625E-1 1.76763E-1 2.81912E-1 3.33161E-1 3.22235E-1 3.45387E-1 3.21403E-1 3.21481E-1 3.21481E-1 4.28927E-1 4.8069E-1 5.80766E-1 6.12777E-1 6.1432E-1 5.53914E-1 6.41964E-1 6.63319E-1 4.36894E-1 4.84544E-1 5.2111E-1 5.26275E-1 5.25102E-1 5.22434E-1 4.62871E-1 4.62871E-1 5.99245E-1 5.30839E-1 5.85471E-1 5.67645E-1 6.42711E-1 7.37074E-1 6.38169E-1 5.68517E-1 5.68517E-1 5.46851E-1 6.02451E-1 5.04683E-1 -9999
-9999 -9999 -9999 -9999 -9999 -9999 -9999 -9999 1.90254E-5 1.73144E-5 2.38888E-4 2.03175E-3 2.03175E-3 1.46861E-3 7.52987E-3 4.81949E-2 4.49631E-2 6.36524E-2 5.97403E-2 5.81287E-2 6.16628E-2 3.74245E-2 3.89662E-2 7.77882E-2 1.16287E-1 1.1386E-1 2.49394E-1 2.23879E-1 2.67439E-1 3.58818E-1 3.90782E-1 2.64833E-1 2.81912E-1 4.19239E-1 2.66499E-1 2.696E-1 2.37573E-1 2.37573E-1 3.56189E-1 4.40419E-1 5.04476E-1 4.43617E-1 6.12777E-1 6.67482E-1 6.39245E-1 6.94074E-1 6.62945E-1 6.62945E-1 6.17488E-1 5.42346E-1 3.71758E-1 5.27693E-1 5.02707E-1 5.47873E-1 5.42927E-1 5.83532E-1 5.9598E-1 4.76016E-1 6.91882E-1 7.65583E-1 7.65583E-1 6.38169E-1 6.20342E-1 5.98619E-1 4.36875E-1 -9999 -9999 -9999
-9999 -9999 -9999 -9999 -9999 -9999 -9999 -9999 1.5279E-5 1.5279E-5 2.1646E-4 1.45495E-3 4.43548E-3 3.90617E-3 2.17535E-2 5.14241E-2 6.58823E-2 4.78794E-2 6.59049E-2 8.24947E-2 7.48258E-2 1.05223E-1 1.53894E-1 1.35018E-1 1.16287E-1 2.05234E-1 3.20675E-1 3.36818E-1 2.54756E-1 3.58818E-1 3.18472E-1 1.96512E-1 2.92256E-1 3.73319E-1 1.91172E-1 2.11578E-1 2.11578E-1 2.873E-1 3.32609E-1 4.42663E-1 4.94727E-1 4.43617E-1 5.24679E-1 5.57129E-1 6.43506E-1 6.37582E-1 3.9964E-1 5.02983E-1 5.62452E-1 6.2065E-1 5.42368E-1 5.16769E-1 4.74319E-1 4.74319E-1 4.83477E-1 4.8292E-1 5.27092E-1 5.15871E-1 7.0645E-1 7.51842E-1 5.34981E-1 5.03038E-1 5.71805E-1 4.78089E-1 -9999 -9999 -9999 -9999
-9999 -9999 -9999 -9999 -9999 -9999 -9999 -9999 1.21097E-5 1.50994E-4 8.97346E-4 7.93073E-4 3.08309E-3 4.5808E-3 2.46249E-2 3.48008E-2 2.20368E-2 2.90328E-2 6.76322E-2 7.38416E-2 6.71937E-2 1.31142E-1 1.76641E-1 1.66472E-1 2.12429E-1 3.95204E-1 3.33069E-1 5.01857E-1 3.18753E-1 3.12247E-1 3.19951E-1 2.91883E-1 3.85952E-1 3.97336E-1 3.69624E-1 2.79857E-1 1.73265E-1 3.12957E-1 4.29065E-1 4.74709E-1 4.76566E-1 4.98272E-1 3.79332E-1 5.55696E-1 5.72219E-1 5.27305E-1 4.77758E-1 4.54661E-1 4.78707E-1 5.74577E-1 6.02973E-1 6.41123E-1 4.7674E-1 4.36018E-1 4.36018E-1 3.73612E-1 5.10493E-1 5.20923E-1 6.99376E-1 7.02113E-1 7.02113E-1 5.54654E-1 5.85977E-1 -9999 -9999 -9999 -9999 -9999
-9999 -9999 -9999 -9999 -9999 -9999 -9999 -9999 1.0433E-4 1.0433E-4 1.10782E-3 7.93073E-4 2.53244E-3 7.33347E-3 6.13406E-3 1.32702E-2 2.20143E-2 4.89826E-2 4.50949E-2 5.94203E-2 5.06214E-2 8.85712E-2 1.30617E-1 1.59709E-1 2.51579E-1 3.58405E-1 3.7481E-1 3.88325E-1 3.76828E-1 3.76828E-1 3.49871E-1 3.92393E-1 4.64422E-1 4.344E-1 4.52172E-1 2.56884E-1 1.69581E-1 2.98926E-1 2.74131E-1 3.58581E-1 4.76566E-1 4.35814E-1 4.46695E-1 4.83536E-1 4.53332E-1 4.65394E-1 4.77758E-1 5.97028E-1 5.78369E-1 5.62688E-1 4.76971E-1 5.81201E-1 6.43059E-1 6.43059E-1 4.58138E-1 4.29692E-1 5.34482E-1 4.38669E-1 6.76041E-1 6.81214E-1 6.64031E-1 -9999 -9999 -9999 -9999 -9999 -9999 -9999
2.15188E-7 1.92355E-7 3.77049E-9 1.40205E-7 4.99014E-9 4.69762E-6 4.69762E-6 3.49803E-4 3.90462E-4 4.02511E-4 2.79703E-3 1.66477E-3 2.26219E-3 6.11099E-3 6.13406E-3 6.65156E-3 1.70638E-2 3.38863E-2 3.60451E-2 7.9184E-2 9.13819E-2 9.13819E-2 1.65391E-1 1.88876E-1 2.62853E-1 3.33715E-1 4.03316E-1 4.70781E-1 4.62565E-1 3.82643E-1 3.80963E-1 4.45355E-1 4.45355E-1 4.28902E-1 2.79078E-1 1.86733E-1 9.24475E-1 2.56669E-1 3.76546E-1 3.58581E-1 4.1431E-1 4.71551E-1 4.02665E-1 4.57022E-1 5.15044E-1 4.59171E-1 4.59171E-1 5.61014E-1 5.24794E-1 5.26956E-1 6.08328E-1 5.81201E-1 5.73753E-1 4.72331E-1 4.44457E-1 5.61373E-1 4.26118E-1 4.80108E-1 6.51083E-1 6.51083E-1 -9999 -9999 -9999 -9999 -9999 -9999 -9999 -9999
-9999 3.57665E-6 5.2074E-9 1.52074E-7 2.25984E-7 4.85863E-6 1.16591E-4 1.4009E-4 7.4845E-4 3.73739E-4 1.83892E-3 1.66477E-3 1.69093E-3 3.58181E-3 3.93088E-3 1.24069E-2 2.29454E-2 3.92765E-2 3.92765E-2 7.616E-2 8.82697E-2 1.28301E-1 1.72974E-1 2.55795E-1 2.62853E-1 3.21649E-1 4.76833E-1 4.63056E-1 4.19144E-1 4.49383E-1 4.22136E-1 4.22136E-1 4.53306E-1 4.47433E-1 2.18228E-1 1.64094E-1 1.90746E-1 4.35825E-1 4.24903E-1 3.9172E-1 4.79422E-1 5.03545E-1 5.37704E-1 4.02298E-1 4.91029E-1 4.53497E-1 4.67392E-1 5.27759E-1 6.17272E-1 6.21845E-1 6.08328E-1 4.01386E-1 4.2058E-1 4.97131E-1 4.7445E-1 4.42304E-1 6.77275E-1 6.63404E-1 6.63404E-1 5.94694E-1 -9999 -9999 -9999 -9999 -9999 -9999 -9999 -9999
-9999 -9999 6.23705E-9 2.14303E-7 6.42523E-11 2.63152E-7 1.984E-5 1.14772E-4 4.31381E-4 8.18851E-4 1.14581E-3 1.34618E-3 1.85706E-3 1.73222E-3 4.38382E-3 4.38382E-3 2.29454E-2 5.39951E-2 5.80053E-2 7.59432E-2 1.02439E-1 1.28301E-1 2.4479E-1 2.81511E-1 3.34537E-1 4.85938E-1 5.18096E-1 4.44029E-1 4.44029E-1 4.7246E-1 4.50116E-1 4.18347E-1 4.69963E-1 3.45089E-1 2.44703E-1 1.89321E-1 1.89321E-1 4.03355E-1 4.07239E-1 5.26195E-1 5.10067E-1 4.51268E-1 5.21554E-1 5.47815E-1 5.06431E-1 5.01379E-1 5.0295E-1 4.78965E-1 5.46734E-1 5.8794E-1 4.17551E-1 4.17551E-1 3.37634E-1 3.08771E-1 4.82762E-1 6.00072E-1 6.77275E-1 7.0919E-1 6.98516E-1 -9999 -9999 -9999 -9999 -9999 -9999 -9999 -9999 -9999
-9999 -9999 -9999 -9999 3.28213E-6 2.91175E-7 2.4752E-5 4.40967E-6 1.44902E-4 1.98327E-4 2.22241E-4 8.72243E-4 1.48025E-3 1.73222E-3 6.81083E-3 1.22795E-2 3.45045E-2 3.00707E-2 5.44193E-2 7.74712E-2 7.68812E-2 1.03272E-1 1.34619E-1 1.66219E-1 3.69064E-1 4.87162E-1 5.18096E-1 5.12327E-1 4.38793E-1 4.59657E-1 4.91072E-1 3.64323E-1 2.58701E-1 3.19312E-1 3.49729E-1 3.49729E-1 4.30807E-1 4.0222E-1 4.71573E-1 4.71573E-1 5.10067E-1 5.92249E-1 6.17274E-1 6.29206E-1 3.86452E-1 6.73211E-1 5.37723E-1 5.5598E-1 5.21519E-1 5.75013E-1 6.27643E-1 5.19311E-1 4.33349E-1 5.12817E-1 4.7079E-1 4.51525E-1 6.46149E-1 6.46149E-1 6.28062E-1 -9999 -9999 -9999 -9999 -9999 -9999 -9999 -9999 -9999
-9999 -9999 -9999 -9999 -9999 4.81917E-6 7.38624E-9 5.28144E-9 4.84507E-9 6.83139E-6 5.99253E-5 8.66688E-4 4.18102E-3 1.07708E-2 7.82258E-3 1.35017E-2 3.26842E-2 3.83293E-2 4.7254E-2 1.13625E-1 1.41171E-1 1.03269E-1 7.01792E-2 1.66219E-1 3.4353E-1 4.60941E-1 5.84644E-1 4.62973E-1 4.98595E-1 4.96359E-1 4.31779E-1 3.86026E-1 3.86026E-1 3.76788E-1 4.01856E-1 3.53574E-1 3.53574E-1 3.62152E-1 3.62152E-1 4.88117E-1 5.48767E-1 -9999 5.01199E-1 -9999 -9999 -9999 -9999 -9999 5.21519E-1 5.40917E-1 6.46249E-1 3.96009E-1 3.62079E-1 5.0017E-1 4.81286E-1 6.3612E-1 6.19762E-1 6.20975E-1 5.52768E-1 -9999 -9999 -9999 -9999 -9999 -9999 -9999 -9999 -9999
-9999 -9999 -9999 -9999 -9999 2.88477E-7 3.85095E-6 4.38987E-9 4.96174E-9 -9999 -9999 -9999 9.18533E-3 1.05578E-2 1.26793E-2 1.25442E-2 1.82304E-2 3.40941E-2 4.44793E-2 1.06395E-1 1.3187E-1 8.05413E-2 1.04772E-1 1.69887E-1 3.4353E-1 3.14328E-1 5.22809E-1 3.79113E-1 3.75966E-1 4.06416E-1 4.31779E-1 3.77685E-1 3.80491E-1 4.40763E-1 4.15733E-1 4.15733E-1 3.80034E-1 4.20775E-1 3.12604E-1 2.53259E-1 -9999 -9999 -9999 -9999 -9999 -9999 -9999 -9999 -9999 -9999 4.32217E-1 5.2789E-1 -9999 -9999 4.5135E-1 6.65054E-1 6.20975E-1 6.31336E-1 5.45876E-1 5.1003E-1 -9999 -9999 -9999 -9999 -9999 -9999 -9999 -9999
-9999 -9999 -9999 -9999 -9999 -9999 3.64693E-6 5.09124E-6 5.92357E-4 -9999 -9999 -9999 -9999 7.76E-3 1.18105E-2 1.70565E-2 4.17739E-2 4.97409E-2 5.77293E-2 1.51159E-1 1.3146E-1 8.05413E-2 1.35996E-1 2.58301E-1 2.74352E-1 3.09425E-1 4.44033E-1 3.79113E-1 -9999 -9999 -9999 -9999 -9999 -9999 -9999 4.20874E-1 4.20874E-1 3.5933E-1 2.74618E-1 2.75978E-1 2.75978E-1 -9999 -9999 -9999 -9999 -9999 -9999 -9999 -9999 -9999 -9999 -9999 -9999 -9999 -9999 6.44777E-1 6.23699E-1 5.79287E-1 4.81385E-1 5.19183E-1 -9999 -9999 -9999 -9999 -9999 -9999 -9999 -9999
-9999 -9999 -9999 -9999 -9999 -9999 -9999 -9999 -9999 -9999 -9999 -9999 -9999 -9999 1.24874E-2 1.51134E-2 4.29869E-2 4.29869E-2 1.14174E-1 1.52413E-1 1.34415E-1 1.7311E-1 2.05138E-1 2.05138E-1 2.74352E-1 4.10745E-1 3.23898E-1 -9999 -9999 -9999 -9999 -9999 -9999 -9999 -9999 -9999 -9999 -9999 -9999 -9999 -9999 -9999 -9999 -9999 -9999 -9999 -9999 -9999 -9999 -9999 -9999 -9999 -9999 -9999 -9999 -9999 5.28524E-1 6.12652E-1 5.26863E-1 5.21258E-1 -9999 -9999 -9999 -9999 -9999 -9999 -9999 -9999
-9999 -9999 -9999 -9999 -9999 -9999 -9999 -9999 -9999 -9999 -9999 -9999 -9999 -9999 -9999 2.0845E-2 2.93387E-2 7.18931E-2 7.1584E-2 1.40516E-1 1.40516E-1 1.7311E-1 2.70341E-1 2.67121E-1 -9999 -9999 -9999 -9999 -9999 -9999 -9999 -9999 -9999 -9999 -9999 -9999 -9999 -9999 -9999 -9999 -9999 -9999 -9999 -9999 -9999 -9999 -9999 -9999 -9999 -9999 -9999 -9999 -9999 -9999 -9999 -9999 -9999 5.04414E-1 5.5092E-1 5.4781E-1 4.76512E-1 -9999 -9999 -9999 -9999 -9999 -9999 -9999
-9999 -9999 -9999 -9999 -9999 -9999 -9999 -9999 -9999 -9999 -9999 -9999 -9999 -9999 -9999 -9999 2.863E-2 2.863E-2 8.93927E-2 1.02663E-1 1.52662E-1 2.63516E-1 2.18326E-1 -9999 -9999 -9999 -9999 -9999 -9999 -9999 -9999 -9999 -9999 -9999 -9999 -9999 -9999 -9999 -9999 -9999 -9999 -9999 -9999 -9999 -9999 -9999 -9999 -9999 -9999 -9999 -9999 -9999 -9999 -9999 -9999 -9999 4.64108E-1 5.90359E-1 5.32402E-1 6.02101E-1 5.25501E-1 -9999 -9999 -9999 -9999 -9999 -9999 -9999
