Herrick/MaxEnt/P_palustris/pinpal_max.asc
ncols         74
nrows         38
xllcorner     -106.64565579308
yllcorner     24.396312300244
cellsize      0.427930777738
NODATA_value  -9999
[rows 0 to 29 of 38, columns 0 to 67 of 74]
-9999 -9999 -9999 -9999 -9999 -9999 -9999 -9999 -9999 -9999 -9999 -9999 -9999 -9999 -9999 -9999 -9999 -9999 -9999 -9999 -9999 -9999 -9999 -9999 -9999 -9999 -9999 -9999 -9999 -9999 -9999 -9999 -9999 -9999 -9999 -9999 -9999 -9999 -9999 -9999 -9999 -9999 -9999 -9999 -9999 -9999 -9999 -9999 -9999 -9999 -9999 -9999 -9999 -9999 -9999 -9999 -9999 -9999 -9999 -9999 -9999 -9999 -9999 -9999 -9999 -9999 -9999 -9999
-9999 -9999 -9999 -9999 -9999 -9999 -9999 -9999 -9999 -9999 -9999 -9999 -9999 -9999 -9999 -9999 -9999 -9999 -9999 -9999 -9999 -9999 -9999 -9999 -9999 -9999 -9999 -9999 -9999 -9999 -9999 -9999 -9999 -9999 -9999 -9999 -9999 -9999 -9999 -9999 -9999 -9999 -9999 -9999 -9999 -9999 -9999 -9999 -9999 -9999 -9999 -9999 -9999 -9999 -9999 -9999 -9999 -9999 -9999 -9999 -9999 -9999 -9999 -9999 -9999 -9999 -9999 -9999
-9999 -9999 -9999 -9999 -9999 -9999 -9999 -9999 -9999 -9999 -9999 -9999 -9999 -9999 -9999 -9999 -9999 -9999 -9999 -9999 -9999 -9999 -9999 -9999 -9999 -9999 -9999 -9999 -9999 -9999 -9999 -9999 -9999 -9999 -9999 -9999 -9999 -9999 -9999 -9999 -9999 -9999 -9999 -9999 -9999 -9999 -9999 -9999 -9999 -9999 -9999 -9999 -9999 -9999 -9999 -9999 -9999 -9999 -9999 -9999 4.22602E-2 4.22602E-2 2.15515E-2 2.46895E-2 3.74367E-3 3.74367E-3 5.22681E-2 9.47483E-2
-9999 -9999 -9999 -9999 -9999 -9999 -9999 -9999 -9999 -9999 -9999 -9999 -9999 -9999 -9999 -9999 -9999 -9999 -9999 -9999 -9999 -9999 -9999 -9999 -9999 -9999 -9999 -9999 -9999 -9999 -9999 -9999 -9999 -9999 -9999 -9999 -9999 -9999 -9999 -9999 -9999 -9999 -9999 -9999 -9999 -9999 -9999 -9999 -9999 -9999 -9999 -9999 -9999 -9999 -9999 -9999 -9999 -9999 1.26795E-1 1.54025E-1 1.15805E-1 4.79473E-2 5.35026E-2 1.60959E-2 6.44368E-3 1.00243E-1 1.00243E-1 1.61213E-1
-9999 -9999 -9999 -9999 -9999 -9999 -9999 -9999 -9999 -9999 -9999 -9999 -9999 -9999 -9999 -9999 -9999 -9999 -9999 -9999 -9999 -9999 -9999 -9999 -9999 -9999 -9999 -9999 -9999 -9999 -9999 -9999 -9999 -9999 -9999 -9999 -9999 -9999 -9999 -9999 -9999 -9999 -9999 -9999 -9999 -9999 -9999 -9999 -9999 -9999 1.53744E-1 2.7959E-1 2.7959E-1 -9999 -9999 1.77696E-1 -9999 3.09638E-1 1.1849E-1 1.36476E-1 1.61393E-1 4.81601E-2 4.81601E-2 1.8069E-4 3.56278E-2 3.56278E-2 1.13651E-1 2.05089E-1
-9999 -9999 -9999 -9999 -9999 -9999 -9999 -9999 -9999 -9999 -9999 -9999 -9999 -9999 -9999 -9999 -9999 -9999 -9999 -9999 -9999 -9999 -9999 -9999 -9999 -9999 -9999 -9999 -9999 -9999 -9999 -9999 -9999 -9999 -9999 -9999 -9999 -9999 -9999 -9999 -9999 -9999 -9999 -9999 -9999 -9999 -9999 -9999 -9999 1.12378E-1 7.52821E-2 7.52821E-2 2.2608E-1 1.84117E-1 2.09985E-1 2.50204E-1 3.52328E-1 3.23058E-1 2.41292E-1 1.95872E-1 1.61393E-1 9.90798E-5 1.8069E-4 5.48377E-4 5.07052E-2 5.26125E-2 5.84118E-2 2.71221E-1
-9999 -9999 -9999 -9999 -9999 -9999 -9999 -9999 -9999 -9999 -9999 -9999 -9999 -9999 -9999 -9999 -9999 -9999 -9999 -9999 -9999 -9999 -9999 -9999 -9999 -9999 -9999 -9999 -9999 -9999 -9999 -9999 -9999 -9999 -9999 -9999 -9999 -9999 -9999 -9999 -9999 -9999 -9999 -9999 -9999 -9999 1.81931E-1 2.6752E-1 2.62825E-1 2.35599E-1 1.6638E-1 1.6638E-1 1.99572E-1 1.5915E-1 1.56086E-1 1.65099E-1 2.31527E-1 3.07116E-1 2.89387E-1 3.11907E-2 3.11907E-2 9.90798E-5 5.52764E-3 7.31478E-3 7.31478E-3 3.67693E-2 2.70771E-1 2.76401E-1
-9999 -9999 -9999 -9999 -9999 -9999 -9999 -9999 -9999 -9999 -9999 -9999 -9999 -9999 -9999 -9999 -9999 -9999 -9999 -9999 -9999 -9999 -9999 -9999 -9999 -9999 -9999 -9999 -9999 -9999 -9999 -9999 -9999 -9999 -9999 -9999 -9999 -9999 -9999 -9999 -9999 -9999 -9999 1.35512E-1 9.77876E-2 1.27894E-1 1.19598E-1 1.7499E-1 2.37967E-1 1.34322E-1 1.34322E-1 1.47584E-1 1.36105E-1 1.22456E-1 1.64171E-1 1.37897E-1 1.73135E-1 2.22461E-1 1.09205E-1 2.12874E-3 1.44112E-2 7.96117E-3 4.1167E-2 3.04311E-2 2.21442E-1 2.87953E-1 2.92527E-1 3.01097E-1
-9999 -9999 -9999 -9999 -9999 -9999 -9999 -9999 -9999 -9999 -9999 -9999 -9999 -9999 -9999 -9999 -9999 -9999 -9999 -9999 -9999 -9999 -9999 -9999 -9999 -9999 -9999 -9999 -9999 -9999 -9999 -9999 -9999 -9999 -9999 -9999 -9999 -9999 -9999 -9999 -9999 2.11772E-1 2.62914E-1 9.77876E-2 9.94156E-2 9.33719E-2 8.93273E-2 1.75812E-1 2.49467E-1 1.39063E-1 2.29902E-1 1.48392E-1 7.88184E-2 6.98176E-2 7.84967E-2 9.21666E-2 7.97803E-2 2.02358E-2 1.59891E-2 8.90899E-4 1.04903E-2 7.52354E-3 4.91991E-2 2.35547E-1 2.52615E-1 2.66034E-1 3.04995E-1 3.19374E-1
-9999 -9999 -9999 -9999 -9999 -9999 -9999 -9999 -9999 -9999 -9999 -9999 -9999 -9999 -9999 -9999 -9999 -9999 -9999 -9999 -9999 -9999 -9999 -9999 -9999 -9999 -9999 -9999 -9999 -9999 -9999 -9999 -9999 -9999 -9999 -9999 -9999 -9999 -9999 -9999 2.55962E-1 2.68723E-1 2.79072E-1 3.10854E-1 2.10601E-1 2.10601E-1 2.51747E-1 2.79265E-1 1.58515E-1 2.08128E-1 1.27668E-1 1.66614E-1 7.52408E-2 9.63711E-2 2.82914E-2 9.2186E-3 1.66102E-2 1.63939E-2 1.63939E-2 8.90899E-4 1.37685E-3 4.61243E-3 1.25105E-1 3.11897E-1 3.1877E-1 2.95809E-1 3.35015E-1 3.54945E-1
-9999 -9999 -9999 -9999 -9999 -9999 -9999 -9999 4.00389E-7 4.77644E-5 9.16266E-5 9.16266E-5 2.28579E-4 3.19821E-4 9.6688E-4 1.64359E-3 -9999 -9999 -9999 -9999 -9999 -9999 -9999 -9999 -9999 -9999 -9999 -9999 1.59334E-1 2.59032E-1 2.6181E-1 1.97064E-1 2.0582E-1 3.21583E-1 3.08835E-1 2.52705E-1 2.46766E-1 3.86863E-1 -9999 -9999 3.2147E-1 3.58978E-1 3.7382E-1 3.10854E-1 3.65312E-1 3.37633E-1 3.65297E-1 3.90465E-1 3.69603E-1 2.08128E-1 9.05559E-2 4.19463E-2 5.58573E-2 2.45297E-1 3.10784E-1 1.6114E-1 1.677E-1 1.88903E-3 6.74833E-5 1.12679E-3 7.34565E-3 2.50165E-1 3.00349E-1 3.33149E-1 3.91262E-1 3.3282E-1 4.16813E-1 4.46542E-1
-9999 -9999 -9999 -9999 -9999 -9999 -9999 -9999 6.69957E-7 5.41176E-5 5.16209E-5 3.38244E-4 2.01724E-3 3.96567E-3 4.1831E-3 4.05798E-3 -9999 -9999 -9999 -9999 -9999 -9999 -9999 -9999 -9999 -9999 -9999 -9999 1.3753E-1 2.59032E-1 2.95426E-2 9.7645E-3 3.61052E-2 1.58865E-1 1.58865E-1 4.15741E-1 3.78096E-1 3.47147E-1 3.35984E-1 3.23689E-1 3.17205E-1 3.00422E-1 3.7382E-1 4.02152E-1 3.90553E-1 2.73692E-1 4.08323E-1 3.87895E-1 3.33543E-1 3.33543E-1 4.66867E-2 6.02074E-2 2.35303E-1 3.23639E-1 2.8765E-1 8.73013E-4 3.08505E-4 2.02505E-4 6.74833E-5 6.89111E-2 3.43984E-1 3.62309E-1 8.47613E-1 4.14889E-1 3.91262E-1 4.77225E-1 4.41739E-1 4.41739E-1
-9999 -9999 -9999 -9999 -9999 -9999 -9999 -9999 1.30137E-4 5.74368E-5 4.32891E-4 4.50852E-4 2.01724E-3 2.32328E-3 4.1831E-3 1.02022E-2 -9999 -9999 -9999 -9999 -9999 -9999 -9999 -9999 -9999 -9999 -9999 -9999 -9999 3.9145E-1 2.7049E-1 1.04389E-1 3.61052E-2 4.16452E-1 3.59012E-1 3.1122E-1 2.68404E-1 2.68404E-1 3.15892E-1 3.21384E-1 3.50454E-1 4.2418E-1 4.9402E-1 3.82394E-1 4.78978E-1 3.56286E-1 4.1092E-1 3.89763E-1 4.91569E-1 1.21141E-1 2.48684E-1 5.33165E-1 1.21151E-1 5.32037E-3 2.48134E-4 2.48566E-4 2.48566E-4 1.62305E-1 1.40581E-1 3.5091E-1 4.52375E-1 5.42368E-1 8.19869E-1 4.97413E-1 5.54182E-1 5.54182E-1 5.6267E-1 6.3104E-1
-9999 -9999 -9999 -9999 -9999 -9999 -9999 -9999 4.67033E-5 6.86281E-6 9.81878E-5 6.28508E-4 6.54148E-4 3.64516E-3 7.44934E-3 1.02983E-2 -9999 -9999 -9999 -9999 -9999 -9999 -9999 -9999 -9999 -9999 -9999 -9999 -9999 3.9145E-1 2.73148E-1 4.42229E-1 4.71447E-1 3.78178E-1 3.93404E-1 3.06993E-1 3.06993E-1 2.67062E-1 3.5677E-1 5.99946E-1 4.03811E-1 4.03625E-1 5.87039E-1 6.09022E-1 3.57661E-1 4.64132E-1 4.48975E-1 4.65681E-1 2.36067E-1 2.40185E-1 3.61124E-1 5.91418E-2 1.1653E-1 3.08932E-3 8.15912E-4 1.92391E-4 2.40234E-1 2.63826E-1 4.06318E-1 6.26086E-1 5.64772E-1 6.04596E-1 6.04596E-1 5.51789E-1 5.42489E-1 5.75027E-1 5.75027E-1 5.78514E-1
-9999 -9999 -9999 -9999 -9999 -9999 -9999 -9999 8.10865E-6 9.81445E-5 1.2785E-4 1.00761E-3 5.60456E-3 1.19113E-2 7.44934E-3 6.1534E-2 -9999 -9999 -9999 -9999 -9999 -9999 -9999 -9999 -9999 -9999 -9999 -9999 1.91925E-1 1.21117E-1 2.33287E-1 3.54585E-1 4.34506E-1 3.72935E-1 4.72331E-1 3.51499E-1 3.66756E-1 4.26596E-1 5.00746E-1 5.60897E-1 5.45612E-1 4.21407E-1 6.09022E-1 6.2283E-1 5.13508E-1 4.84216E-1 6.86701E-1 5.21162E-1 2.65289E-1 1.03867E-1 2.08864E-1 2.32198E-1 1.04206E-2 1.38557E-1 1.24657E-1 5.18419E-1 2.40234E-1 5.08131E-1 6.41174E-1 6.27567E-1 7.81175E-1 7.43909E-1 7.54627E-1 5.90053E-1 5.12989E-1 6.06959E-1 6.85042E-1 6.061E-1
-9999 -9999 -9999 -9999 -9999 -9999 -9999 -9999 1.11404E-4 1.11404E-4 1.09111E-3 1.15024E-3 6.61291E-3 1.26189E-2 2.23997E-2 4.3352E-2 7.26279E-2 9.0636E-2 6.61625E-2 8.71647E-2 -9999 -9999 -9999 -9999 -9999 -9999 -9999 -9999 3.20729E-1 3.20729E-1 2.97325E-1 2.6201E-1 3.28722E-1 4.28079E-1 4.29214E-1 3.84633E-1 3.73639E-1 4.3717E-1 4.3717E-1 5.16254E-1 6.14401E-1 7.03155E-1 7.12816E-1 7.19971E-1 6.5669E-1 7.2428E-1 7.47746E-1 5.31387E-1 5.64857E-1 5.72276E-1 5.89691E-1 5.83263E-1 5.87988E-1 5.45748E-1 5.45748E-1 6.68281E-1 6.22835E-1 6.66519E-1 6.39283E-1 6.98164E-1 7.86617E-1 7.28061E-1 6.34051E-1 6.34051E-1 6.17608E-1 6.95297E-1 6.52988E-1 -9999
-9999 -9999 -9999 -9999 -9999 -9999 -9999 -9999 2.75981E-4 2.50559E-4 2.03424E-3 9.1564E-3 9.1564E-3 5.27527E-3 1.7644E-2 8.4786E-2 8.95345E-2 1.27555E-1 9.89231E-2 8.36823E-2 8.49982E-2 5.76584E-2 5.79955E-2 1.29677E-1 1.69158E-1 1.98287E-1 3.25111E-1 3.00474E-1 3.54178E-1 4.48313E-1 4.73858E-1 3.3853E-1 3.28722E-1 4.65107E-1 3.38916E-1 3.41564E-1 3.1959E-1 3.1959E-1 4.05976E-1 5.65748E-1 6.45465E-1 5.79264E-1 7.12816E-1 7.11167E-1 7.26431E-1 7.8168E-1 7.57179E-1 7.57179E-1 7.00605E-1 5.97711E-1 4.72027E-1 5.87121E-1 5.86331E-1 6.1256E-1 5.91125E-1 6.29391E-1 6.45923E-1 5.24833E-1 7.19458E-1 8.07431E-1 8.07431E-1 7.28061E-1 6.60109E-1 6.89312E-1 5.85233E-1 -9999 -9999 -9999
-9999 -9999 -9999 -9999 -9999 -9999 -9999 -9999 1.80624E-4 1.80624E-4 1.69092E-3 5.80782E-3 1.2839E-2 1.12724E-2 6.71678E-2 1.093E-1 1.67987E-1 8.92673E-2 9.51041E-2 1.05453E-1 9.43858E-2 1.23953E-1 2.05787E-1 1.76144E-1 1.69158E-1 3.11769E-1 4.19755E-1 4.02635E-1 3.32859E-1 4.48313E-1 3.89546E-1 2.71743E-1 3.69953E-1 4.40993E-1 2.64162E-1 2.94846E-1 2.94846E-1 3.47289E-1 3.7422E-1 5.57349E-1 5.97655E-1 5.79264E-1 5.95379E-1 6.40296E-1 6.84792E-1 6.83614E-1 5.49056E-1 6.40189E-1 6.58807E-1 6.92284E-1 6.08645E-1 5.96423E-1 5.53956E-1 5.53956E-1 5.23273E-1 5.25879E-1 5.56205E-1 5.68266E-1 7.63078E-1 8.05349E-1 6.27961E-1 6.00582E-1 6.34039E-1 6.03393E-1 -9999 -9999 -9999 -9999
-9999 -9999 -9999 -9999 -9999 -9999 -9999 -9999 1.52224E-4 1.23123E-3 4.62888E-3 2.7906E-3 7.96098E-3 1.27195E-2 5.72875E-2 7.24777E-2 3.71522E-2 4.81069E-2 9.25893E-2 9.18267E-2 8.72937E-2 1.74843E-1 2.54955E-1 2.38115E-1 3.09815E-1 4.92314E-1 4.30892E-1 6.39312E-1 4.55777E-1 3.68857E-1 3.91739E-1 3.49692E-1 4.56046E-1 4.72209E-1 4.2207E-1 3.3881E-1 2.50065E-1 4.76674E-1 5.64975E-1 5.68251E-1 5.88518E-1 6.17176E-1 5.30922E-1 6.18694E-1 6.71307E-1 6.18377E-1 5.73718E-1 5.61354E-1 5.92157E-1 6.37715E-1 6.58469E-1 6.70088E-1 5.79529E-1 4.76155E-1 4.76155E-1 4.25674E-1 5.4794E-1 6.76775E-1 7.51774E-1 7.5499E-1 7.5499E-1 6.11801E-1 6.65997E-1 -9999 -9999 -9999 -9999 -9999
-9999 -9999 -9999 -9999 -9999 -9999 -9999 -9999 8.4094E-4 8.4094E-4 6.44911E-3 2.7906E-3 8.43388E-3 2.32229E-2 1.37657E-2 2.58904E-2 3.58299E-2 6.31396E-2 5.98015E-2 7.78658E-2 7.18718E-2 1.0331E-1 1.83429E-1 2.36468E-1 3.60408E-1 4.20278E-1 4.25024E-1 4.7979E-1 4.73145E-1 4.73145E-1 4.12359E-1 5.01884E-1 6.1235E-1 5.44078E-1 6.00176E-1 3.27465E-1 2.22664E-1 4.42821E-1 4.2073E-1 5.12653E-1 5.88518E-1 5.36525E-1 5.28342E-1 5.48958E-1 5.66015E-1 5.71757E-1 5.73718E-1 6.82958E-1 6.65504E-1 6.10663E-1 5.05408E-1 6.40509E-1 7.2581E-1 7.2581E-1 5.43593E-1 4.61682E-1 6.27562E-1 5.83604E-1 7.55177E-1 7.46073E-1 7.42029E-1 -9999 -9999 -9999 -9999 -9999 -9999 -9999
3.59343E-6 3.15729E-6 1.40499E-7 2.24509E-6 2.83395E-7 4.18851E-5 4.18851E-5 2.3363E-3 2.48302E-3 2.45189E-3 1.50145E-2 6.47472E-3 8.17997E-3 1.60758E-2 1.37657E-2 1.44172E-2 3.01437E-2 5.01313E-2 4.9555E-2 1.03489E-1 1.06691E-1 1.06691E-1 2.21183E-1 2.44451E-1 3.32557E-1 3.9693E-1 4.51721E-1 5.86241E-1 5.93395E-1 5.07041E-1 5.13618E-1 5.81305E-1 5.81305E-1 5.35472E-1 3.21724E-1 2.64206E-1 9.3075E-1 3.81397E-1 5.52842E-1 5.12653E-1 5.25141E-1 5.39303E-1 5.05801E-1 5.35048E-1 6.08544E-1 5.41329E-1 5.41329E-1 6.01115E-1 5.75263E-1 6.23277E-1 6.70471E-1 6.40509E-1 6.34261E-1 5.80136E-1 5.04453E-1 6.32794E-1 4.77722E-1 5.53105E-1 7.12612E-1 7.12612E-1 -9999 -9999 -9999 -9999 -9999 -9999 -9999 -9999
-9999 6.13692E-5 1.96926E-7 2.45833E-6 3.82393E-6 4.39496E-5 5.09006E-4 5.85451E-4 3.27471E-3 2.34885E-3 9.19321E-3 6.47472E-3 6.28226E-3 9.18721E-3 9.11486E-3 2.40922E-2 4.44595E-2 5.77497E-2 5.77497E-2 9.73134E-2 1.32788E-1 1.81301E-1 2.37353E-1 3.26889E-1 3.32557E-1 3.8734E-1 5.98156E-1 5.61536E-1 4.98746E-1 5.41145E-1 5.22085E-1 5.22085E-1 5.91402E-1 5.93954E-1 2.90053E-1 2.35151E-1 2.5742E-1 5.33944E-1 5.34303E-1 5.10278E-1 5.395E-1 5.76197E-1 6.29982E-1 5.15097E-1 5.52948E-1 5.29531E-1 5.5571E-1 6.18787E-1 6.84276E-1 6.82652E-1 6.70471E-1 4.39442E-1 4.70901E-1 6.21614E-1 5.68181E-1 4.90187E-1 7.37411E-1 7.22776E-1 7.22776E-1 6.96158E-1 -9999 -9999 -9999 -9999 -9999 -9999 -9999 -9999
-9999 -9999 2.45655E-7 3.65433E-6 6.24881E-9 4.54174E-6 1.27559E-4 5.60036E-4 2.154E-3 5.04133E-3 5.94011E-3 6.13174E-3 4.5829E-3 4.20217E-3 9.41056E-3 9.41056E-3 4.44595E-2 8.64085E-2 9.65868E-2 1.24393E-1 1.38117E-1 1.81301E-1 3.11597E-1 3.48078E-1 4.30956E-1 6.0088E-1 6.09932E-1 5.40735E-1 5.40735E-1 6.10756E-1 5.39575E-1 5.11085E-1 5.92431E-1 3.82223E-1 2.93679E-1 2.76496E-1 2.76496E-1 5.11492E-1 5.36573E-1 5.86186E-1 6.04673E-1 5.74413E-1 5.9809E-1 6.15564E-1 6.09856E-1 6.14101E-1 6.25121E-1 6.22435E-1 6.24937E-1 6.49747E-1 5.27018E-1 5.27018E-1 3.68429E-1 3.58423E-1 6.2169E-1 6.67216E-1 7.37411E-1 7.75116E-1 7.50532E-1 -9999 -9999 -9999 -9999 -9999 -9999 -9999 -9999 -9999
-9999 -9999 -9999 -9999 3.55785E-5 5.20695E-6 1.65533E-4 3.82251E-5 6.47346E-4 7.42294E-4 7.3745E-4 2.87168E-3 3.62885E-3 4.20217E-3 1.37292E-2 2.68037E-2 6.65269E-2 5.27947E-2 9.83984E-2 1.22687E-1 1.172E-1 1.42081E-1 1.88898E-1 2.1677E-1 4.70018E-1 5.89093E-1 6.09932E-1 5.95786E-1 5.39068E-1 5.63741E-1 5.60787E-1 4.81675E-1 3.30433E-1 4.014E-1 4.85173E-1 4.85173E-1 5.42069E-1 5.08265E-1 5.80027E-1 5.80027E-1 6.04673E-1 6.38693E-1 7.17072E-1 7.29034E-1 5.32328E-1 8.13226E-1 6.51403E-1 6.94025E-1 5.98488E-1 6.34198E-1 6.66592E-1 5.97686E-1 4.78526E-1 6.2367E-1 5.13076E-1 5.10705E-1 7.19746E-1 7.19746E-1 7.26914E-1 -9999 -9999 -9999 -9999 -9999 -9999 -9999 -9999 -9999
-9999 -9999 -9999 -9999 -9999 5.33813E-5 3.35269E-7 2.01481E-7 1.81376E-7 4.45602E-5 2.47722E-4 2.67073E-3 1.20102E-2 2.46924E-2 1.59323E-2 3.01908E-2 6.54318E-2 7.54095E-2 9.02964E-2 1.55E-1 2.09593E-1 1.44938E-1 1.38415E-1 2.1677E-1 4.00459E-1 5.761E-1 6.44269E-1 5.59197E-1 6.09105E-1 6.33648E-1 6.10006E-1 5.85919E-1 5.85919E-1 4.08594E-1 5.50876E-1 5.68154E-1 5.68154E-1 5.53651E-1 5.53651E-1 5.50052E-1 6.08813E-1 -9999 6.26005E-1 -9999 -9999 -9999 -9999 -9999 5.98488E-1 6.23847E-1 7.24194E-1 5.10062E-1 4.82619E-1 5.873E-1 6.02892E-1 7.25783E-1 6.82882E-1 6.90468E-1 6.54058E-1 -9999 -9999 -9999 -9999 -9999 -9999 -9999 -9999 -9999
-9999 -9999 -9999 -9999 -9999 5.09141E-6 3.29172E-5 1.61274E-7 1.876E-7 -9999 -9999 -9999 3.23546E-2 2.06581E-2 2.64071E-2 2.6862E-2 4.25791E-2 8.87063E-2 8.33695E-2 1.82411E-1 1.81682E-1 1.50895E-1 1.82255E-1 2.71895E-1 4.00459E-1 4.13205E-1 6.24431E-1 5.55635E-1 4.62523E-1 5.26611E-1 6.10006E-1 4.66543E-1 4.84639E-1 5.93663E-1 5.27024E-1 5.27024E-1 5.07551E-1 5.60664E-1 4.70993E-1 3.93962E-1 -9999 -9999 -9999 -9999 -9999 -9999 -9999 -9999 -9999 -9999 5.34992E-1 6.41527E-1 -9999 -9999 5.64776E-1 7.13964E-1 6.90468E-1 7.20405E-1 6.40069E-1 6.04188E-1 -9999 -9999 -9999 -9999 -9999 -9999 -9999 -9999
-9999 -9999 -9999 -9999 -9999 -9999 3.53293E-5 4.5562E-5 2.78729E-3 -9999 -9999 -9999 -9999 2.43062E-2 2.58762E-2 2.80151E-2 7.25906E-2 8.52779E-2 9.10975E-2 1.95214E-1 1.838E-1 1.50895E-1 2.14409E-1 3.61565E-1 3.84315E-1 4.11497E-1 6.06668E-1 5.55635E-1 -9999 -9999 -9999 -9999 -9999 -9999 -9999 5.3301E-1 5.3301E-1 4.79378E-1 4.12409E-1 4.15805E-1 4.15805E-1 -9999 -9999 -9999 -9999 -9999 -9999 -9999 -9999 -9999 -9999 -9999 -9999 -9999 -9999 7.07742E-1 6.9953E-1 6.62369E-1 6.40461E-1 6.61935E-1 -9999 -9999 -9999 -9999 -9999 -9999 -9999 -9999
-9999 -9999 -9999 -9999 -9999 -9999 -9999 -9999 -9999 -9999 -9999 -9999 -9999 -9999 2.53529E-2 3.01809E-2 7.1317E-2 7.1317E-2 1.5725E-1 1.94998E-1 1.98491E-1 2.50019E-1 3.34716E-1 3.34716E-1 3.84315E-1 5.3709E-1 4.65179E-1 -9999 -9999 -9999 -9999 -9999 -9999 -9999 -9999 -9999 -9999 -9999 -9999 -9999 -9999 -9999 -9999 -9999 -9999 -9999 -9999 -9999 -9999 -9999 -9999 -9999 -9999 -9999 -9999 -9999 6.31682E-1 7.18142E-1 6.54333E-1 6.75179E-1 -9999 -9999 -9999 -9999 -9999 -9999 -9999 -9999
-9999 -9999 -9999 -9999 -9999 -9999 -9999 -9999 -9999 -9999 -9999 -9999 -9999 -9999 -9999 3.73786E-2 5.42078E-2 1.12588E-1 1.13724E-1 1.93683E-1 1.93683E-1 2.50019E-1 3.86823E-1 3.77206E-1 -9999 -9999 -9999 -9999 -9999 -9999 -9999 -9999 -9999 -9999 -9999 -9999 -9999 -9999 -9999 -9999 -9999 -9999 -9999 -9999 -9999 -9999 -9999 -9999 -9999 -9999 -9999 -9999 -9999 -9999 -9999 -9999 -9999 6.44419E-1 7.20781E-1 6.98265E-1 6.65663E-1 -9999 -9999 -9999 -9999 -9999 -9999 -9999
-9999 -9999 -9999 -9999 -9999 -9999 -9999 -9999 -9999 -9999 -9999 -9999 -9999 -9999 -9999 -9999 5.31981E-2 5.31981E-2 1.47E-1 1.69092E-1 2.17677E-1 3.68971E-1 3.58215E-1 -9999 -9999 -9999 -9999 -9999 -9999 -9999 -9999 -9999 -9999 -9999 -9999 -9999 -9999 -9999 -9999 -9999 -9999 -9999 -9999 -9999 -9999 -9999 -9999 -9999 -9999 -9999 -9999 -9999 -9999 -9999 -9999 -9999 6.36325E-1 7.53792E-1 7.10351E-1 7.61549E-1 7.12444E-1 -9999 -9999 -9999 -9999 -9999 -9999 -9999
