Herrick/MaxEnt/P_palustris/pinpal_min.asc
ncols         74
nrows         38
xllcorner     -106.64565579308
yllcorner     24.396312300244
cellsize      0.427930777738
NODATA_value  -9999
[rows 0 to 29 of 38, columns 0 to 67 of 74]
-9999 -9999 -9999 -9999 -9999 -9999 -9999 -9999 -9999 -9999 -9999 -9999 -9999 -9999 -9999 -9999 -9999 -9999 -9999 -9999 -9999 -9999 -9999 -9999 -9999 -9999 -9999 -9999 -9999 -9999 -9999 -9999 -9999 -9999 -9999 -9999 -9999 -9999 -9999 -9999 -9999 -9999 -9999 -9999 -9999 -9999 -9999 -9999 -9999 -9999 -9999 -9999 -9999 -9999 -9999 -9999 -9999 -9999 -9999 -9999 -9999 -9999 -9999 -9999 -9999 -9999 -9999 -9999
-9999 -9999 -9999 -9999 -9999 -9999 -9999 -9999 -9999 -9999 -9999 -9999 -9999 -9999 -9999 -9999 -9999 -9999 -9999 -9999 -9999 -9999 -9999 -9999 -9999 -9999 -9999 -9999 -9999 -9999 -9999 -9999 -9999 -9999 -9999 -9999 -9999 -9999 -9999 -9999 -9999 -9999 -9999 -9999 -9999 -9999 -9999 -9999 -9999 -9999 -9999 -9999 -9999 -9999 -9999 -9999 -9999 -9999 -9999 -9999 -9999 -9999 -9999 -9999 -9999 -9999 -9999 -9999
-9999 -9999 -9999 -9999 -9999 -9999 -9999 -9999 -9999 -9999 -9999 -9999 -9999 -9999 -9999 -9999 -9999 -9999 -9999 -9999 -9999 -9999 -9999 -9999 -9999 -9999 -9999 -9999 -9999 -9999 -9999 -9999 -9999 -9999 -9999 -9999 -9999 -9999 -9999 -9999 -9999 -9999 -9999 -9999 -9999 -9999 -9999 -9999 -9999 -9999 -9999 -9999 -9999 -9999 -9999 -9999 -9999 -9999 -9999 -9999 1.29871E-2 1.29871E-2 2.27667E-3 4.42146E-3 8.05694E-5 8.05694E-5 1.57397E-2 2.99544E-2
-9999 -9999 -9999 -9999 -9999 -9999 -9999 -9999 -9999 -9999 -9999 -9999 -9999 -9999 -9999 -9999 -9999 -9999 -9999 -9999 -9999 -9999 -9999 -9999 -9999 -9999 -9999 -9999 -9999 -9999 -9999 -9999 -9999 -9999 -9999 -9999 -9999 -9999 -9999 -9999 -9999 -9999 -9999 -9999 -9999 -9999 -9999 -9999 -9999 -9999 -9999 -9999 -9999 -9999 -9999 -9999 -9999 -9999 3.75679E-2 4.49767E-2 3.44582E-2 1.58013E-2 1.83265E-2 1.0215E-3 5.89992E-5 3.49424E-2 3.49424E-2 5.12369E-2
-9999 -9999 -9999 -9999 -9999 -9999 -9999 -9999 -9999 -9999 -9999 -9999 -9999 -9999 -9999 -9999 -9999 -9999 -9999 -9999 -9999 -9999 -9999 -9999 -9999 -9999 -9999 -9999 -9999 -9999 -9999 -9999 -9999 -9999 -9999 -9999 -9999 -9999 -9999 -9999 -9999 -9999 -9999 -9999 -9999 -9999 -9999 -9999 -9999 -9999 5.12788E-2 8.30081E-2 8.30081E-2 -9999 -9999 6.18772E-2 -9999 1.00158E-1 3.82928E-2 4.77446E-2 6.1201E-2 9.87691E-3 9.87691E-3 1.94735E-8 2.91644E-3 2.91644E-3 4.27566E-2 7.58449E-2
-9999 -9999 -9999 -9999 -9999 -9999 -9999 -9999 -9999 -9999 -9999 -9999 -9999 -9999 -9999 -9999 -9999 -9999 -9999 -9999 -9999 -9999 -9999 -9999 -9999 -9999 -9999 -9999 -9999 -9999 -9999 -9999 -9999 -9999 -9999 -9999 -9999 -9999 -9999 -9999 -9999 -9999 -9999 -9999 -9999 -9999 -9999 -9999 -9999 3.42796E-2 1.86724E-2 1.86724E-2 9.30799E-2 6.8525E-2 7.11339E-2 8.34869E-2 1.0847E-1 1.0143E-1 9.09559E-2 7.63101E-2 6.1201E-2 2.18832E-8 1.94735E-8 4.33757E-7 7.22705E-3 6.38871E-3 8.95106E-3 1.0935E-1
-9999 -9999 -9999 -9999 -9999 -9999 -9999 -9999 -9999 -9999 -9999 -9999 -9999 -9999 -9999 -9999 -9999 -9999 -9999 -9999 -9999 -9999 -9999 -9999 -9999 -9999 -9999 -9999 -9999 -9999 -9999 -9999 -9999 -9999 -9999 -9999 -9999 -9999 -9999 -9999 -9999 -9999 -9999 -9999 -9999 -9999 3.30146E-2 2.54303E-2 5.9319E-2 6.20985E-2 6.98996E-2 6.98996E-2 9.76241E-2 6.2692E-2 4.2755E-2 5.75732E-2 8.71615E-2 1.09799E-1 1.19682E-1 3.45535E-3 3.45535E-3 2.18832E-8 1.5371E-4 1.18386E-4 1.18386E-4 8.71166E-3 1.2069E-1 1.22741E-1
-9999 -9999 -9999 -9999 -9999 -9999 -9999 -9999 -9999 -9999 -9999 -9999 -9999 -9999 -9999 -9999 -9999 -9999 -9999 -9999 -9999 -9999 -9999 -9999 -9999 -9999 -9999 -9999 -9999 -9999 -9999 -9999 -9999 -9999 -9999 -9999 -9999 -9999 -9999 -9999 -9999 -9999 -9999 4.47302E-2 3.20447E-2 3.22427E-2 2.27642E-2 2.90402E-2 5.79244E-2 4.75471E-2 4.75471E-2 7.0232E-2 5.48397E-2 3.66043E-2 6.20029E-2 8.2433E-2 8.96972E-2 4.97916E-2 3.4823E-2 1.84719E-5 3.0401E-4 1.93668E-4 1.73457E-3 6.71391E-3 1.09308E-1 1.35054E-1 1.37568E-1 1.40924E-1
-9999 -9999 -9999 -9999 -9999 -9999 -9999 -9999 -9999 -9999 -9999 -9999 -9999 -9999 -9999 -9999 -9999 -9999 -9999 -9999 -9999 -9999 -9999 -9999 -9999 -9999 -9999 -9999 -9999 -9999 -9999 -9999 -9999 -9999 -9999 -9999 -9999 -9999 -9999 -9999 -9999 9.41078E-2 1.21308E-1 3.20447E-2 2.14482E-2 3.00305E-2 2.46316E-2 4.27221E-2 8.13709E-2 4.92766E-2 9.93859E-2 4.98113E-2 2.68527E-2 1.95439E-2 2.61728E-2 3.61631E-2 3.25924E-2 7.23654E-4 3.33832E-4 9.04463E-7 2.43514E-4 2.13558E-4 2.14508E-3 1.07173E-1 1.1153E-1 1.19246E-1 1.49078E-1 1.45954E-1
-9999 -9999 -9999 -9999 -9999 -9999 -9999 -9999 -9999 -9999 -9999 -9999 -9999 -9999 -9999 -9999 -9999 -9999 -9999 -9999 -9999 -9999 -9999 -9999 -9999 -9999 -9999 -9999 -9999 -9999 -9999 -9999 -9999 -9999 -9999 -9999 -9999 -9999 -9999 -9999 9.5952E-2 1.24762E-1 1.18714E-1 1.37629E-1 1.00214E-1 1.00214E-1 9.82502E-2 1.44173E-1 7.18667E-2 9.52163E-2 3.82236E-2 7.39031E-2 2.57843E-2 4.38857E-2 4.68864E-3 4.12018E-4 5.97448E-4 5.3786E-4 5.3786E-4 9.04463E-7 1.21362E-5 1.38833E-4 5.92198E-2 1.59357E-1 1.50029E-1 1.3892E-1 1.68072E-1 1.69394E-1
-9999 -9999 -9999 -9999 -9999 -9999 -9999 -9999 1.13987E-14 1.12559E-9 3.13205E-8 3.13205E-8 5.37861E-7 7.31167E-7 1.08796E-5 1.85634E-5 -9999 -9999 -9999 -9999 -9999 -9999 -9999 -9999 -9999 -9999 -9999 -9999 6.17089E-2 1.07433E-1 9.0761E-2 7.07584E-2 1.16382E-1 1.64594E-1 1.66944E-1 1.50732E-1 9.75299E-2 1.75652E-1 -9999 -9999 1.77475E-1 1.89877E-1 1.85784E-1 1.37629E-1 1.86318E-1 1.791E-1 1.76374E-1 1.60981E-1 1.70795E-1 9.52163E-2 2.89577E-2 1.03285E-2 1.14261E-2 1.14314E-1 1.72285E-1 4.27071E-2 4.31508E-2 1.98711E-5 2.14117E-8 1.55737E-5 2.73204E-4 1.2525E-1 1.40649E-1 1.75673E-1 2.22013E-1 1.69074E-1 2.36183E-1 2.60678E-1
-9999 -9999 -9999 -9999 -9999 -9999 -9999 -9999 1.38858E-14 1.2877E-9 1.20792E-9 9.33568E-8 3.90839E-6 4.60397E-5 4.90803E-5 1.39766E-4 -9999 -9999 -9999 -9999 -9999 -9999 -9999 -9999 -9999 -9999 -9999 -9999 5.80242E-2 1.07433E-1 2.55985E-3 8.6421E-4 4.80959E-3 3.29142E-2 3.29142E-2 2.02947E-1 2.22026E-1 1.38893E-1 1.24967E-1 1.42272E-1 1.69306E-1 1.56442E-1 1.85784E-1 2.09328E-1 2.16675E-1 1.62195E-1 1.5738E-1 2.01378E-1 1.37496E-1 1.37496E-1 1.99436E-2 1.69896E-2 4.31382E-2 5.96991E-2 1.63788E-1 1.20428E-6 9.85438E-7 3.93794E-8 2.14117E-8 2.51851E-2 2.52951E-1 2.03838E-1 7.84678E-2 2.48915E-1 2.22013E-1 2.58285E-1 2.09198E-1 2.09198E-1
-9999 -9999 -9999 -9999 -9999 -9999 -9999 -9999 2.16813E-9 1.40664E-9 1.10887E-7 1.17822E-7 3.90839E-6 4.33298E-6 4.90803E-5 4.67397E-4 -9999 -9999 -9999 -9999 -9999 -9999 -9999 -9999 -9999 -9999 -9999 -9999 -9999 2.50074E-1 5.33151E-2 1.99323E-2 4.80959E-3 1.92535E-1 1.69269E-1 1.6739E-1 7.52498E-2 7.52498E-2 1.02537E-1 1.31526E-1 1.39404E-1 1.6505E-1 2.27218E-1 2.19995E-1 3.13699E-1 2.50229E-1 2.71665E-1 9.01099E-2 3.52558E-1 4.03275E-2 1.23009E-1 3.05243E-1 2.75646E-2 8.91954E-5 6.81926E-8 3.2594E-8 3.2594E-8 5.21832E-2 3.22557E-2 7.42514E-2 3.04251E-1 3.98759E-1 6.43547E-2 2.95205E-1 3.00952E-1 3.00952E-1 3.80655E-1 4.37614E-1
-9999 -9999 -9999 -9999 -9999 -9999 -9999 -9999 1.18883E-9 8.18922E-12 2.17124E-9 1.52106E-7 1.56207E-7 5.91884E-6 7.34865E-5 4.70523E-4 -9999 -9999 -9999 -9999 -9999 -9999 -9999 -9999 -9999 -9999 -9999 -9999 -9999 2.50074E-1 5.04174E-2 2.4984E-1 2.89826E-1 1.8182E-1 2.10222E-1 6.65603E-2 6.65603E-2 6.82519E-2 8.96346E-2 4.40402E-1 1.35993E-1 2.0292E-1 3.88498E-1 4.36292E-1 2.45928E-1 3.23083E-1 3.1212E-1 3.363E-1 1.27172E-1 1.10363E-1 2.18299E-1 1.13684E-2 4.53444E-2 5.92344E-5 2.2889E-6 6.04121E-8 6.80424E-2 9.77686E-2 2.54466E-1 4.76886E-1 4.22248E-1 5.05052E-1 5.05052E-1 3.28584E-1 3.20998E-1 3.00871E-1 3.00871E-1 3.8503E-1
-9999 -9999 -9999 -9999 -9999 -9999 -9999 -9999 9.30583E-12 1.97414E-9 2.40236E-9 2.08987E-7 8.56673E-6 1.05291E-4 7.34865E-5 7.36287E-3 -9999 -9999 -9999 -9999 -9999 -9999 -9999 -9999 -9999 -9999 -9999 -9999 2.12721E-2 1.38123E-2 4.72341E-2 1.70411E-1 2.21477E-1 1.30009E-1 2.25775E-1 1.17164E-1 1.03093E-1 1.27821E-1 1.81513E-1 2.99013E-1 2.94557E-1 1.22381E-1 4.36292E-1 4.61724E-1 3.80504E-1 3.40908E-1 4.94489E-1 3.33237E-1 1.51862E-1 4.12701E-2 7.31658E-2 1.03808E-1 5.92462E-4 3.45364E-2 2.81103E-2 3.51485E-1 6.80424E-2 3.66463E-1 5.00687E-1 4.62174E-1 5.67005E-1 5.51544E-1 5.81615E-1 4.57011E-1 2.32497E-1 3.46838E-1 5.16796E-1 4.05383E-1
-9999 -9999 -9999 -9999 -9999 -9999 -9999 -9999 2.2027E-9 2.2027E-9 2.09749E-7 2.20413E-7 9.23806E-6 1.06927E-4 7.42153E-4 4.5561E-3 1.39794E-2 2.33746E-2 1.92048E-2 2.22503E-2 -9999 -9999 -9999 -9999 -9999 -9999 -9999 -9999 5.79922E-2 5.79922E-2 4.88243E-2 3.86589E-2 9.80087E-2 1.70693E-1 1.64228E-1 1.68704E-1 1.63409E-1 1.48456E-1 1.48456E-1 2.54916E-1 3.01632E-1 4.96517E-1 5.13243E-1 5.23731E-1 4.73834E-1 5.60816E-1 5.61293E-1 2.99192E-1 3.47622E-1 4.17454E-1 4.20209E-1 4.52407E-1 3.81909E-1 3.67155E-1 3.67155E-1 5.02562E-1 4.47555E-1 5.02015E-1 5.05666E-1 5.36323E-1 5.14242E-1 4.67698E-1 4.62568E-1 4.62568E-1 4.3187E-1 4.98173E-1 3.24494E-1 -9999
-9999 -9999 -9999 -9999 -9999 -9999 -9999 -9999 3.95454E-9 3.80197E-9 3.21058E-7 1.18064E-5 1.18064E-5 7.66102E-6 6.00861E-4 1.88254E-2 1.66696E-2 2.58727E-2 2.04966E-2 1.59338E-2 1.69566E-2 1.41703E-2 1.29677E-2 3.43392E-2 6.27344E-2 3.82246E-2 9.09205E-2 9.84989E-2 1.2414E-1 2.25139E-1 2.39178E-1 8.06794E-2 9.80087E-2 2.85108E-1 8.99752E-2 1.14735E-1 8.81908E-2 8.81908E-2 2.28819E-1 2.97226E-1 3.52863E-1 2.56926E-1 5.13243E-1 5.29131E-1 5.27321E-1 5.6736E-1 5.41579E-1 5.41579E-1 5.15239E-1 3.9691E-1 1.79568E-1 3.94041E-1 3.52147E-1 4.48477E-1 4.48823E-1 4.88081E-1 5.04204E-1 4.10408E-1 5.49217E-1 7.19801E-1 7.19801E-1 4.67698E-1 5.05186E-1 5.04262E-1 2.16482E-1 -9999 -9999 -9999
-9999 -9999 -9999 -9999 -9999 -9999 -9999 -9999 3.06557E-9 3.06557E-9 2.76847E-7 8.38303E-6 1.03627E-4 9.21033E-5 5.6013E-3 2.06526E-2 3.06061E-2 1.89992E-2 1.977E-2 2.92561E-2 2.15152E-2 3.72802E-2 9.16769E-2 7.97084E-2 6.27344E-2 4.52959E-2 1.56581E-1 1.66994E-1 1.1431E-1 2.25139E-1 1.78532E-1 4.44813E-2 1.35208E-1 2.33217E-1 5.48028E-2 7.73059E-2 7.73059E-2 1.5004E-1 2.00727E-1 2.68043E-1 3.3112E-1 2.56926E-1 4.3977E-1 4.61307E-1 5.20739E-1 5.3225E-1 2.96433E-1 3.74149E-1 4.71766E-1 5.11962E-1 3.48456E-1 3.36097E-1 3.02368E-1 3.02368E-1 4.08226E-1 4.15627E-1 4.57179E-1 4.47669E-1 6.36611E-1 6.08409E-1 4.78801E-1 2.85813E-1 4.92249E-1 2.79552E-1 -9999 -9999 -9999 -9999
-9999 -9999 -9999 -9999 -9999 -9999 -9999 -9999 2.5505E-9 1.99873E-7 5.82651E-6 4.71799E-6 7.13463E-5 1.05529E-4 5.11127E-3 1.2401E-2 7.96521E-3 1.06644E-2 2.01827E-2 2.41491E-2 2.16486E-2 6.81937E-2 8.67881E-2 9.96077E-2 1.19254E-1 2.55259E-1 1.12039E-1 4.39878E-1 1.57699E-1 1.70643E-1 1.90938E-1 1.58728E-1 2.86523E-1 3.31477E-1 2.62273E-1 1.57798E-1 5.21972E-2 2.08788E-1 3.82033E-1 3.61193E-1 3.73909E-1 4.26848E-1 2.37435E-1 4.56648E-1 4.51572E-1 4.50447E-1 3.97191E-1 3.12342E-1 3.33083E-1 4.57545E-1 5.00433E-1 5.51217E-1 3.25789E-1 3.75931E-1 3.75931E-1 3.05809E-1 4.45569E-1 4.92597E-1 6.35828E-1 5.96273E-1 5.96273E-1 4.55083E-1 2.80287E-1 -9999 -9999 -9999 -9999 -9999
-9999 -9999 -9999 -9999 -9999 -9999 -9999 -9999 1.50956E-7 1.50956E-7 6.91284E-6 4.71799E-6 6.99107E-5 7.02449E-4 5.00442E-4 2.85176E-3 7.13255E-3 1.43302E-2 1.09226E-2 1.94439E-2 1.54995E-2 3.26324E-2 7.24909E-2 9.98082E-2 1.63722E-1 2.75941E-1 2.91235E-1 3.06959E-1 2.70543E-1 2.70543E-1 2.61769E-1 3.37162E-1 3.75325E-1 3.85793E-1 3.37911E-1 1.37948E-1 5.52825E-2 1.85664E-1 1.43872E-1 2.53097E-1 3.73909E-1 3.25748E-1 3.70511E-1 4.13382E-1 3.89609E-1 3.94082E-1 3.97191E-1 4.95246E-1 4.7684E-1 4.62059E-1 3.94453E-1 4.78973E-1 5.38165E-1 5.38165E-1 4.0831E-1 3.62051E-1 4.74544E-1 3.44042E-1 5.95456E-1 5.53298E-1 4.31043E-1 -9999 -9999 -9999 -9999 -9999 -9999 -9999
4.73118E-12 4.20736E-12 5.00844E-15 3.12163E-12 6.40299E-15 9.80861E-10 9.80861E-10 2.96421E-6 3.21263E-6 3.08371E-6 8.00369E-5 5.2394E-5 6.72326E-5 5.29262E-4 5.00442E-4 5.23431E-4 3.34162E-3 1.23888E-2 1.29424E-2 3.99196E-2 3.38937E-2 3.38937E-2 8.92853E-2 1.33081E-1 1.90381E-1 2.6267E-1 3.50342E-1 4.27247E-1 4.33757E-1 3.3384E-1 3.08223E-1 3.58435E-1 3.58435E-1 3.3806E-1 1.58021E-1 8.89749E-2 8.31451E-2 1.467E-1 2.70038E-1 2.53097E-1 3.17189E-1 3.98271E-1 3.12584E-1 3.64539E-1 3.98551E-1 3.95036E-1 3.95036E-1 4.71147E-1 4.51818E-1 4.71746E-1 4.90655E-1 4.78973E-1 4.60021E-1 4.25309E-1 3.84756E-1 4.62814E-1 3.58361E-1 4.18725E-1 5.18237E-1 5.18237E-1 -9999 -9999 -9999 -9999 -9999 -9999 -9999 -9999
-9999 9.27006E-10 6.9726E-15 3.34848E-12 4.9529E-12 1.01363E-9 9.32663E-7 1.1113E-6 2.50154E-5 2.62024E-6 5.17351E-5 5.2394E-5 5.26293E-5 3.36164E-4 3.42174E-4 2.62001E-3 4.4841E-3 1.63504E-2 1.63504E-2 4.59898E-2 5.67731E-2 8.20963E-2 9.70895E-2 1.51725E-1 1.90381E-1 2.32162E-1 4.35904E-1 4.10506E-1 3.58461E-1 3.86754E-1 2.95999E-1 2.95999E-1 3.36217E-1 3.3877E-1 9.27686E-2 7.22436E-2 7.68294E-2 3.82148E-1 3.48055E-1 3.0844E-1 4.18878E-1 3.98192E-1 4.22594E-1 3.34264E-1 3.95082E-1 3.63705E-1 3.90398E-1 4.28135E-1 5.05532E-1 4.99101E-1 4.90655E-1 3.33331E-1 3.54318E-1 4.55549E-1 4.26629E-1 3.77785E-1 6.14414E-1 5.13765E-1 5.13765E-1 3.41535E-1 -9999 -9999 -9999 -9999 -9999 -9999 -9999 -9999
-9999 -9999 8.10725E-15 4.40395E-12 3.38916E-18 5.68459E-12 3.05474E-8 9.33166E-7 1.67361E-5 2.94544E-5 3.63017E-5 3.72994E-5 4.32388E-5 4.03285E-5 3.47029E-4 3.47029E-4 4.4841E-3 2.26269E-2 2.41456E-2 4.98098E-2 6.2023E-2 8.20963E-2 1.61549E-1 2.02608E-1 2.51953E-1 4.0795E-1 4.39874E-1 3.84755E-1 3.84755E-1 3.54584E-1 3.43828E-1 2.93454E-1 3.77827E-1 2.54357E-1 1.20797E-1 7.01738E-2 7.01738E-2 3.40074E-1 3.59656E-1 4.24654E-1 3.8782E-1 3.54061E-1 3.98909E-1 4.14257E-1 3.88771E-1 3.89648E-1 3.88695E-1 3.52056E-1 4.45737E-1 4.13928E-1 3.66105E-1 3.66105E-1 2.23933E-1 1.62776E-1 4.07438E-1 5.19113E-1 6.14414E-1 5.73502E-1 5.37759E-1 -9999 -9999 -9999 -9999 -9999 -9999 -9999 -9999 -9999
-9999 -9999 -9999 -9999 6.74302E-10 5.91598E-12 3.76074E-8 8.36534E-10 1.03911E-6 1.24654E-6 1.36735E-6 2.65152E-5 3.4442E-5 4.03285E-5 4.647E-4 8.25361E-4 6.25419E-3 5.05435E-3 2.1852E-2 3.57495E-2 4.12977E-2 6.59432E-2 9.69025E-2 1.16818E-1 2.6191E-1 4.19837E-1 4.39874E-1 4.35293E-1 2.91403E-1 3.19834E-1 3.33368E-1 2.80523E-1 1.30105E-1 1.37998E-1 1.55738E-1 1.55738E-1 3.34098E-1 3.37784E-1 3.65519E-1 3.65519E-1 3.8782E-1 3.90195E-1 5.04189E-1 5.11151E-1 2.37633E-1 1.01453E-1 3.68948E-1 4.56192E-1 3.58806E-1 3.27321E-1 3.81872E-1 3.93498E-1 3.71529E-1 4.28205E-1 4.05195E-1 3.71125E-1 5.16439E-1 5.16439E-1 4.21745E-1 -9999 -9999 -9999 -9999 -9999 -9999 -9999 -9999 -9999
-9999 -9999 -9999 -9999 -9999 9.12983E-10 9.24951E-15 6.85828E-15 6.39061E-15 1.09097E-9 6.27485E-8 2.25654E-5 3.7419E-4 2.2272E-3 5.13733E-4 8.95867E-4 5.93045E-3 6.36894E-3 7.8103E-3 7.52472E-2 9.28693E-2 7.77748E-2 2.57288E-2 1.16818E-1 1.90807E-1 4.2467E-1 4.67244E-1 3.85444E-1 3.87357E-1 3.63761E-1 3.25938E-1 2.55155E-1 2.55155E-1 2.66281E-1 2.35394E-1 2.40271E-1 2.40271E-1 2.94513E-1 2.94513E-1 3.11613E-1 3.69697E-1 -9999 2.67274E-1 -9999 -9999 -9999 -9999 -9999 3.58806E-1 3.89738E-1 5.4131E-1 2.97536E-1 2.52212E-1 3.77856E-1 3.81344E-1 5.49692E-1 4.63484E-1 4.80249E-1 3.09084E-1 -9999 -9999 -9999 -9999 -9999 -9999 -9999 -9999 -9999
-9999 -9999 -9999 -9999 -9999 4.82439E-12 6.09396E-10 5.64944E-15 6.40794E-15 -9999 -9999 -9999 4.33498E-3 2.94537E-3 2.27987E-3 7.89153E-4 1.17611E-3 5.26832E-3 7.15292E-3 3.53527E-2 8.33064E-2 3.4296E-2 5.41998E-2 9.21305E-2 1.90807E-1 1.41079E-1 4.10822E-1 2.82488E-1 1.44068E-1 2.22027E-1 3.25938E-1 1.88829E-1 2.12238E-1 3.51707E-1 2.36948E-1 2.36948E-1 2.20824E-1 3.14547E-1 2.60028E-1 1.51279E-1 -9999 -9999 -9999 -9999 -9999 -9999 -9999 -9999 -9999 -9999 1.7688E-1 3.02274E-1 -9999 -9999 3.31666E-1 4.69127E-1 4.80249E-1 4.62042E-1 4.27836E-1 2.59042E-1 -9999 -9999 -9999 -9999 -9999 -9999 -9999 -9999
-9999 -9999 -9999 -9999 -9999 -9999 6.20925E-10 8.34265E-10 1.80177E-5 -9999 -9999 -9999 -9999 3.68471E-3 3.3862E-3 2.43216E-3 1.39177E-2 1.53203E-2 2.77539E-2 1.09701E-1 7.44663E-2 3.4296E-2 6.36847E-2 1.77537E-1 1.67795E-1 1.83525E-1 3.02348E-1 2.82488E-1 -9999 -9999 -9999 -9999 -9999 -9999 -9999 2.39789E-1 2.39789E-1 2.27911E-1 1.68561E-1 1.70877E-1 1.70877E-1 -9999 -9999 -9999 -9999 -9999 -9999 -9999 -9999 -9999 -9999 -9999 -9999 -9999 -9999 4.70698E-1 4.75406E-1 4.18038E-1 3.39961E-1 3.69104E-1 -9999 -9999 -9999 -9999 -9999 -9999 -9999 -9999
-9999 -9999 -9999 -9999 -9999 -9999 -9999 -9999 -9999 -9999 -9999 -9999 -9999 -9999 1.88637E-3 3.051E-3 7.52101E-3 7.52101E-3 4.71517E-2 6.63596E-2 6.75657E-2 9.12558E-2 1.15187E-1 1.15187E-1 1.67795E-1 2.9375E-1 1.46833E-1 -9999 -9999 -9999 -9999 -9999 -9999 -9999 -9999 -9999 -9999 -9999 -9999 -9999 -9999 -9999 -9999 -9999 -9999 -9999 -9999 -9999 -9999 -9999 -9999 -9999 -9999 -9999 -9999 -9999 4.08455E-1 4.70557E-1 3.67999E-1 3.6134E-1 -9999 -9999 -9999 -9999 -9999 -9999 -9999 -9999
-9999 -9999 -9999 -9999 -9999 -9999 -9999 -9999 -9999 -9999 -9999 -9999 -9999 -9999 -9999 4.42243E-3 3.29779E-3 1.1822E-2 1.07219E-2 3.78936E-2 3.78936E-2 9.12558E-2 1.50685E-1 1.5444E-1 -9999 -9999 -9999 -9999 -9999 -9999 -9999 -9999 -9999 -9999 -9999 -9999 -9999 -9999 -9999 -9999 -9999 -9999 -9999 -9999 -9999 -9999 -9999 -9999 -9999 -9999 -9999 -9999 -9999 -9999 -9999 -9999 -9999 3.72987E-1 3.78406E-1 3.85798E-1 3.4384E-1 -9999 -9999 -9999 -9999 -9999 -9999 -9999
-9999 -9999 -9999 -9999 -9999 -9999 -9999 -9999 -9999 -9999 -9999 -9999 -9999 -9999 -9999 -9999 2.51606E-3 2.51606E-3 1.04827E-2 1.98081E-2 4.52041E-2 1.22457E-1 1.10578E-1 -9999 -9999 -9999 -9999 -9999 -9999 -9999 -9999 -9999 -9999 -9999 -9999 -9999 -9999 -9999 -9999 -9999 -9999 -9999 -9999 -9999 -9999 -9999 -9999 -9999 -9999 -9999 -9999 -9999 -9999 -9999 -9999 -9999 2.73152E-1 4.31148E-1 3.73018E-1 4.16127E-1 4.32584E-1 -9999 -9999 -9999 -9999 -9999 -9999 -9999
