Herrick/MaxEnt/P_palustris/pinpal_avg.asc
ncols         74
nrows         38
xllcorner     -106.64565579308
yllcorner     24.396312300244
cellsize      0.427930777738
NODATA_value  -9999
[rows 0 to 29 of 38, columns 0 to 67 of 74]
-9999 -9999 -9999 -9999 -9999 -9999 -9999 -9999 -9999 -9999 -9999 -9999 -9999 -9999 -9999 -9999 -9999 -9999 -9999 -9999 -9999 -9999 -9999 -9999 -9999 -9999 -9999 -9999 -9999 -9999 -9999 -9999 -9999 -9999 -9999 -9999 -9999 -9999 -9999 -9999 -9999 -9999 -9999 -9999 -9999 -9999 -9999 -9999 -9999 -9999 -9999 -9999 -9999 -9999 -9999 -9999 -9999 -9999 -9999 -9999 -9999 -9999 -9999 -9999 -9999 -9999 -9999 -9999
-9999 -9999 -9999 -9999 -9999 -9999 -9999 -9999 -9999 -9999 -9999 -9999 -9999 -9999 -9999 -9999 -9999 -9999 -9999 -9999 -9999 -9999 -9999 -9999 -9999 -9999 -9999 -9999 -9999 -9999 -9999 -9999 -9999 -9999 -9999 -9999 -9999 -9999 -9999 -9999 -9999 -9999 -9999 -9999 -9999 -9999 -9999 -9999 -9999 -9999 -9999 -9999 -9999 -9999 -9999 -9999 -9999 -9999 -9999 -9999 -9999 -9999 -9999 -9999 -9999 -9999 -9999 -9999
-9999 -9999 -9999 -9999 -9999 -9999 -9999 -9999 -9999 -9999 -9999 -9999 -9999 -9999 -9999 -9999 -9999 -9999 -9999 -9999 -9999 -9999 -9999 -9999 -9999 -9999 -9999 -9999 -9999 -9999 -9999 -9999 -9999 -9999 -9999 -9999 -9999 -9999 -9999 -9999 -9999 -9999 -9999 -9999 -9999 -9999 -9999 -9999 -9999 -9999 -9999 -9999 -9999 -9999 -9999 -9999 -9999 -9999 -9999 -9999 3.01378E-2 3.01378E-2 1.06897E-2 1.41621E-2 1.16361E-3 1.16361E-3 3.56761E-2 6.74004E-2
-9999 -9999 -9999 -9999 -9999 -9999 -9999 -9999 -9999 -9999 -9999 -9999 -9999 -9999 -9999 -9999 -9999 -9999 -9999 -9999 -9999 -9999 -9999 -9999 -9999 -9999 -9999 -9999 -9999 -9999 -9999 -9999 -9999 -9999 -9999 -9999 -9999 -9999 -9999 -9999 -9999 -9999 -9999 -9999 -9999 -9999 -9999 -9999 -9999 -9999 -9999 -9999 -9999 -9999 -9999 -9999 -9999 -9999 9.27226E-2 1.06111E-1 8.45913E-2 3.47397E-2 3.86635E-2 5.96651E-3 1.54035E-3 7.08203E-2 7.08203E-2 1.20312E-1
-9999 -9999 -9999 -9999 -9999 -9999 -9999 -9999 -9999 -9999 -9999 -9999 -9999 -9999 -9999 -9999 -9999 -9999 -9999 -9999 -9999 -9999 -9999 -9999 -9999 -9999 -9999 -9999 -9999 -9999 -9999 -9999 -9999 -9999 -9999 -9999 -9999 -9999 -9999 -9999 -9999 -9999 -9999 -9999 -9999 -9999 -9999 -9999 -9999 -9999 1.12975E-1 1.92042E-1 1.92042E-1 -9999 -9999 1.34117E-1 -9999 2.24644E-1 9.03187E-2 1.0755E-1 1.25353E-1 2.51098E-2 2.51098E-2 2.08134E-5 1.31792E-2 1.31792E-2 8.35608E-2 1.64639E-1
-9999 -9999 -9999 -9999 -9999 -9999 -9999 -9999 -9999 -9999 -9999 -9999 -9999 -9999 -9999 -9999 -9999 -9999 -9999 -9999 -9999 -9999 -9999 -9999 -9999 -9999 -9999 -9999 -9999 -9999 -9999 -9999 -9999 -9999 -9999 -9999 -9999 -9999 -9999 -9999 -9999 -9999 -9999 -9999 -9999 -9999 -9999 -9999 -9999 6.90461E-2 4.11335E-2 4.11335E-2 1.80523E-1 1.3346E-1 1.48188E-1 1.71374E-1 2.41391E-1 2.30403E-1 1.74646E-1 1.51612E-1 1.25353E-1 1.44596E-5 2.08134E-5 8.89042E-5 2.65085E-2 2.52317E-2 2.83807E-2 2.27175E-1
-9999 -9999 -9999 -9999 -9999 -9999 -9999 -9999 -9999 -9999 -9999 -9999 -9999 -9999 -9999 -9999 -9999 -9999 -9999 -9999 -9999 -9999 -9999 -9999 -9999 -9999 -9999 -9999 -9999 -9999 -9999 -9999 -9999 -9999 -9999 -9999 -9999 -9999 -9999 -9999 -9999 -9999 -9999 -9999 -9999 -9999 7.87414E-2 1.33969E-1 1.28167E-1 1.22095E-1 1.2725E-1 1.2725E-1 1.68066E-1 1.0666E-1 8.4851E-2 1.06824E-1 1.60249E-1 1.99939E-1 2.20768E-1 1.34268E-2 1.34268E-2 1.44596E-5 1.83446E-3 1.92179E-3 1.92179E-3 2.22338E-2 2.13858E-1 2.17626E-1
-9999 -9999 -9999 -9999 -9999 -9999 -9999 -9999 -9999 -9999 -9999 -9999 -9999 -9999 -9999 -9999 -9999 -9999 -9999 -9999 -9999 -9999 -9999 -9999 -9999 -9999 -9999 -9999 -9999 -9999 -9999 -9999 -9999 -9999 -9999 -9999 -9999 -9999 -9999 -9999 -9999 -9999 -9999 8.8903E-2 5.76252E-2 7.43886E-2 5.51567E-2 7.64054E-2 1.15396E-1 8.29882E-2 8.29882E-2 1.13625E-1 9.53911E-2 7.38301E-2 1.05089E-1 1.08303E-1 1.35485E-1 1.31404E-1 6.003E-2 5.43582E-4 4.10087E-3 2.47765E-3 1.36209E-2 1.84659E-2 1.67535E-1 2.25771E-1 2.32486E-1 2.40022E-1
-9999 -9999 -9999 -9999 -9999 -9999 -9999 -9999 -9999 -9999 -9999 -9999 -9999 -9999 -9999 -9999 -9999 -9999 -9999 -9999 -9999 -9999 -9999 -9999 -9999 -9999 -9999 -9999 -9999 -9999 -9999 -9999 -9999 -9999 -9999 -9999 -9999 -9999 -9999 -9999 -9999 1.55534E-1 1.98684E-1 5.76252E-2 5.51238E-2 5.62832E-2 5.14157E-2 9.10658E-2 1.54952E-1 8.62677E-2 1.52417E-1 9.33908E-2 4.88009E-2 4.13042E-2 4.80041E-2 5.9969E-2 5.619E-2 6.91613E-3 4.25134E-3 1.47794E-4 3.12922E-3 2.42652E-3 1.61395E-2 1.59036E-1 1.66267E-1 2.00337E-1 2.45451E-1 2.46087E-1
-9999 -9999 -9999 -9999 -9999 -9999 -9999 -9999 -9999 -9999 -9999 -9999 -9999 -9999 -9999 -9999 -9999 -9999 -9999 -9999 -9999 -9999 -9999 -9999 -9999 -9999 -9999 -9999 -9999 -9999 -9999 -9999 -9999 -9999 -9999 -9999 -9999 -9999 -9999 -9999 1.70315E-1 1.96253E-1 1.95074E-1 2.18058E-1 1.56804E-1 1.56804E-1 1.70488E-1 2.23554E-1 1.17509E-1 1.51419E-1 7.97605E-2 1.17963E-1 4.58598E-2 6.51436E-2 1.55129E-2 3.80788E-3 6.01364E-3 5.52587E-3 5.52587E-3 1.47794E-4 3.98218E-4 1.67036E-3 9.1163E-2 2.45367E-1 2.31522E-1 2.35833E-1 2.57807E-1 2.72303E-1
-9999 -9999 -9999 -9999 -9999 -9999 -9999 -9999 5.42836E-8 9.24641E-6 2.77975E-5 2.77975E-5 9.17222E-5 1.28351E-4 4.85418E-4 7.20422E-4 -9999 -9999 -9999 -9999 -9999 -9999 -9999 -9999 -9999 -9999 -9999 -9999 1.09997E-1 1.60471E-1 1.51304E-1 1.1801E-1 1.60069E-1 2.23336E-1 2.44246E-1 2.06639E-1 1.64328E-1 3.05924E-1 -9999 -9999 2.47783E-1 2.82173E-1 2.78801E-1 2.18058E-1 2.85859E-1 2.81356E-1 2.98801E-1 3.09907E-1 2.8282E-1 1.51419E-1 5.44179E-2 2.40689E-2 3.32753E-2 1.8767E-1 2.28696E-1 9.37563E-2 9.67412E-2 5.98956E-4 1.28715E-5 4.30871E-4 2.83591E-3 1.90855E-1 2.08772E-1 2.62352E-1 3.16471E-1 2.67111E-1 3.26956E-1 3.65138E-1
-9999 -9999 -9999 -9999 -9999 -9999 -9999 -9999 7.84376E-8 1.19893E-5 9.97729E-6 8.48409E-5 6.22348E-4 1.51015E-3 1.57514E-3 1.73316E-3 -9999 -9999 -9999 -9999 -9999 -9999 -9999 -9999 -9999 -9999 -9999 -9999 9.76747E-2 1.60471E-1 1.39157E-2 4.77186E-3 1.95339E-2 9.37371E-2 9.37371E-2 3.32174E-1 3.09986E-1 2.75174E-1 2.54806E-1 2.49487E-1 2.42011E-1 2.25569E-1 2.78801E-1 3.13697E-1 3.24141E-1 2.1938E-1 3.0975E-1 3.1127E-1 2.63509E-1 2.63509E-1 2.9365E-2 4.0204E-2 1.43782E-1 2.05059E-1 2.34347E-1 1.72844E-4 8.68701E-5 3.26091E-5 1.28715E-5 4.8337E-2 2.98427E-1 2.70022E-1 6.08389E-1 3.42277E-1 3.16471E-1 4.03567E-1 3.63301E-1 3.63301E-1
-9999 -9999 -9999 -9999 -9999 -9999 -9999 -9999 2.26771E-5 1.4043E-5 1.26654E-4 1.21835E-4 6.22348E-4 7.01185E-4 1.57514E-3 4.99124E-3 -9999 -9999 -9999 -9999 -9999 -9999 -9999 -9999 -9999 -9999 -9999 -9999 -9999 3.35322E-1 1.80844E-1 6.64641E-2 1.95339E-2 3.08087E-1 2.77007E-1 2.50617E-1 1.67895E-1 1.67895E-1 2.21979E-1 2.40878E-1 2.74695E-1 3.13113E-1 3.84256E-1 3.06576E-1 4.08401E-1 3.07121E-1 3.62819E-1 2.94932E-1 4.41594E-1 7.55323E-2 1.78224E-1 4.33887E-1 7.529E-2 1.72569E-3 4.31994E-5 3.42461E-5 3.42461E-5 1.16921E-1 9.10758E-2 2.02907E-1 3.68593E-1 4.732E-1 5.73316E-1 4.06709E-1 4.67875E-1 4.67875E-1 4.96078E-1 5.42271E-1
-9999 -9999 -9999 -9999 -9999 -9999 -9999 -9999 1.14198E-5 1.26571E-6 2.16427E-5 1.74865E-4 1.71515E-4 1.05148E-3 2.86882E-3 5.11599E-3 -9999 -9999 -9999 -9999 -9999 -9999 -9999 -9999 -9999 -9999 -9999 -9999 -9999 3.35322E-1 1.83926E-1 3.66572E-1 3.92534E-1 2.96838E-1 3.13403E-1 2.06045E-1 2.06045E-1 1.75678E-1 2.54888E-1 5.18558E-1 3.01297E-1 3.24628E-1 5.07038E-1 5.2525E-1 3.09757E-1 4.2083E-1 3.89629E-1 4.18686E-1 1.83168E-1 1.7501E-1 2.96922E-1 3.60306E-2 7.89514E-2 1.22054E-3 2.12232E-4 3.22307E-5 1.46814E-1 1.73597E-1 3.41931E-1 5.44532E-1 4.92373E-1 5.66859E-1 5.66859E-1 4.42818E-1 4.77937E-1 4.95493E-1 4.95493E-1 4.99849E-1
-9999 -9999 -9999 -9999 -9999 -9999 -9999 -9999 1.51415E-6 2.00026E-5 2.46399E-5 2.52595E-4 1.77214E-3 4.29909E-3 2.86882E-3 3.13585E-2 -9999 -9999 -9999 -9999 -9999 -9999 -9999 -9999 -9999 -9999 -9999 -9999 1.05364E-1 7.08089E-2 1.59994E-1 2.78669E-1 3.57274E-1 2.91686E-1 3.64579E-1 2.61206E-1 2.68611E-1 3.0518E-1 3.5256E-1 4.54777E-1 4.43509E-1 3.01075E-1 5.2525E-1 5.30837E-1 4.43147E-1 4.37801E-1 5.87161E-1 4.47392E-1 2.02435E-1 7.1406E-2 1.45252E-1 1.69109E-1 5.62661E-3 8.91788E-2 6.83595E-2 4.2652E-1 1.46814E-1 4.33698E-1 5.67638E-1 5.50561E-1 7.24728E-1 6.85023E-1 7.02061E-1 5.37749E-1 4.39683E-1 5.49922E-1 6.11644E-1 5.18037E-1
-9999 -9999 -9999 -9999 -9999 -9999 -9999 -9999 2.28944E-5 2.28944E-5 2.61217E-4 2.77394E-4 2.05899E-3 5.0338E-3 9.7223E-3 2.10104E-2 3.87276E-2 5.63099E-2 4.18643E-2 5.53482E-2 -9999 -9999 -9999 -9999 -9999 -9999 -9999 -9999 2.07159E-1 2.07159E-1 1.92478E-1 1.70725E-1 2.6283E-1 3.34954E-1 3.29425E-1 3.11189E-1 2.91753E-1 3.20033E-1 3.20033E-1 4.18378E-1 4.68575E-1 5.9827E-1 6.24918E-1 6.22226E-1 5.55683E-1 6.33962E-1 6.47645E-1 4.44374E-1 4.93589E-1 5.11708E-1 5.30529E-1 5.22494E-1 5.08976E-1 4.59869E-1 4.59869E-1 5.85351E-1 5.30308E-1 5.85723E-1 5.6555E-1 6.38538E-1 7.15144E-1 6.23754E-1 5.65754E-1 5.65754E-1 5.42416E-1 5.99218E-1 4.86137E-1 -9999
-9999 -9999 -9999 -9999 -9999 -9999 -9999 -9999 4.98682E-5 4.65482E-5 4.58478E-4 2.813E-3 2.813E-3 1.68359E-3 8.20756E-3 4.65254E-2 4.52145E-2 6.65941E-2 5.63882E-2 5.43733E-2 5.67246E-2 3.76244E-2 3.84012E-2 8.68151E-2 1.20309E-1 1.28605E-1 2.42134E-1 2.07876E-1 2.52956E-1 3.62786E-1 3.82002E-1 2.48619E-1 2.6283E-1 4.10402E-1 2.60391E-1 2.60102E-1 2.32073E-1 2.32073E-1 3.50015E-1 4.51779E-1 5.0459E-1 4.42265E-1 6.24918E-1 6.46198E-1 6.28953E-1 6.8525E-1 6.54255E-1 6.54255E-1 6.06598E-1 5.33247E-1 3.59616E-1 5.25894E-1 5.01973E-1 5.45714E-1 5.28819E-1 5.65133E-1 5.7959E-1 4.7976E-1 6.77423E-1 7.68298E-1 7.68298E-1 6.23754E-1 6.03285E-1 6.01772E-1 3.97557E-1 -9999 -9999 -9999
-9999 -9999 -9999 -9999 -9999 -9999 -9999 -9999 3.50158E-5 3.50158E-5 3.80205E-4 1.83419E-3 4.57369E-3 4.04363E-3 2.46687E-2 4.95969E-2 7.31864E-2 4.39352E-2 5.88673E-2 7.13998E-2 7.04396E-2 9.5221E-2 1.5016E-1 1.34528E-1 1.20309E-1 2.04254E-1 3.28118E-1 3.39424E-1 2.49215E-1 3.62786E-1 3.17605E-1 1.86471E-1 2.86289E-1 3.68339E-1 1.75536E-1 2.06567E-1 2.06567E-1 2.87324E-1 3.224E-1 4.36044E-1 4.82506E-1 4.42265E-1 5.26477E-1 5.61193E-1 6.19469E-1 6.19811E-1 4.13033E-1 4.95327E-1 5.71602E-1 6.05273E-1 5.27911E-1 5.06729E-1 4.59278E-1 4.59278E-1 4.77208E-1 4.75919E-1 5.16163E-1 5.12409E-1 7.11827E-1 7.39656E-1 5.39515E-1 4.97924E-1 5.70992E-1 4.60542E-1 -9999 -9999 -9999 -9999
-9999 -9999 -9999 -9999 -9999 -9999 -9999 -9999 2.76665E-5 2.60444E-4 1.2023E-3 8.80427E-4 3.19671E-3 4.75233E-3 2.27561E-2 3.37177E-2 2.08229E-2 2.70147E-2 5.94531E-2 6.38508E-2 6.27218E-2 1.24619E-1 1.74989E-1 1.65253E-1 2.08681E-1 3.85707E-1 3.35795E-1 5.05699E-1 3.14167E-1 3.06897E-1 3.23224E-1 2.94109E-1 3.84394E-1 4.03758E-1 3.67575E-1 2.62736E-1 1.69014E-1 3.13696E-1 4.44237E-1 4.71955E-1 4.79325E-1 5.09844E-1 3.96697E-1 5.4999E-1 5.60269E-1 5.35979E-1 4.88013E-1 4.41554E-1 4.63274E-1 5.63495E-1 5.97129E-1 6.24274E-1 4.78534E-1 4.33185E-1 4.33185E-1 3.72617E-1 4.99762E-1 5.44329E-1 6.96655E-1 7.00641E-1 7.00641E-1 5.38607E-1 5.44221E-1 -9999 -9999 -9999 -9999 -9999
-9999 -9999 -9999 -9999 -9999 -9999 -9999 -9999 1.76436E-4 1.76436E-4 1.58565E-3 8.80427E-4 2.79288E-3 8.23272E-3 6.49574E-3 1.29273E-2 1.99953E-2 4.22319E-2 3.87903E-2 5.50191E-2 4.89801E-2 8.17521E-2 1.28358E-1 1.63646E-1 2.50641E-1 3.54845E-1 3.71684E-1 3.90215E-1 3.77912E-1 3.77912E-1 3.49294E-1 4.01684E-1 4.72453E-1 4.4073E-1 4.45576E-1 2.43255E-1 1.60753E-1 2.95091E-1 2.79218E-1 3.78042E-1 4.79325E-1 4.36488E-1 4.55153E-1 4.8365E-1 4.61602E-1 4.67391E-1 4.88013E-1 5.89787E-1 5.69191E-1 5.47888E-1 4.61433E-1 5.72895E-1 6.49191E-1 6.49191E-1 4.66844E-1 4.25008E-1 5.29991E-1 4.51303E-1 6.84429E-1 6.83393E-1 6.16962E-1 -9999 -9999 -9999 -9999 -9999 -9999 -9999
6.95356E-7 6.02222E-7 2.51572E-8 3.67889E-7 4.01928E-8 9.77966E-6 9.77966E-6 5.47973E-4 5.91335E-4 5.8071E-4 3.78615E-3 1.97496E-3 2.64296E-3 6.21672E-3 6.49574E-3 6.94103E-3 1.66023E-2 3.12072E-2 3.32705E-2 7.40398E-2 8.34612E-2 8.34612E-2 1.62966E-1 1.88951E-1 2.6348E-1 3.35617E-1 3.98575E-1 4.80662E-1 4.79561E-1 3.91846E-1 3.85936E-1 4.45569E-1 4.45569E-1 4.23488E-1 2.72101E-1 1.85037E-1 7.05594E-1 2.61106E-1 3.94382E-1 3.78042E-1 4.18187E-1 4.6413E-1 4.07343E-1 4.54266E-1 5.03644E-1 4.68132E-1 4.68132E-1 5.44282E-1 5.1561E-1 5.28922E-1 6.02456E-1 5.72895E-1 5.61738E-1 4.84042E-1 4.45887E-1 5.61606E-1 4.26694E-1 4.81443E-1 6.41029E-1 6.41029E-1 -9999 -9999 -9999 -9999 -9999 -9999 -9999 -9999
-9999 9.86848E-6 3.1167E-8 4.07774E-7 6.6637E-7 9.06411E-6 1.49202E-4 1.76807E-4 9.15739E-4 5.4104E-4 2.36763E-3 1.97496E-3 2.04231E-3 3.92415E-3 4.11462E-3 1.24203E-2 2.19529E-2 3.7533E-2 3.7533E-2 7.3235E-2 8.75178E-2 1.27126E-1 1.78363E-1 2.62879E-1 2.6348E-1 3.24826E-1 4.85295E-1 4.68694E-1 4.24887E-1 4.51385E-1 4.16757E-1 4.16757E-1 4.48732E-1 4.51044E-1 2.09923E-1 1.62471E-1 1.79071E-1 4.44959E-1 4.32217E-1 4.0348E-1 4.81755E-1 4.98113E-1 5.34587E-1 4.12156E-1 4.89514E-1 4.5315E-1 4.66041E-1 5.28083E-1 6.18342E-1 6.16859E-1 6.02456E-1 3.9244E-1 4.15324E-1 5.10068E-1 4.83075E-1 4.40981E-1 6.81288E-1 6.59516E-1 6.59516E-1 5.65897E-1 -9999 -9999 -9999 -9999 -9999 -9999 -9999 -9999
-9999 -9999 4.03952E-8 6.3278E-7 9.63458E-10 7.68299E-7 2.96418E-5 1.5423E-4 6.03826E-4 1.29016E-3 1.54509E-3 1.6281E-3 1.74385E-3 1.67165E-3 4.32494E-3 4.32494E-3 2.19529E-2 5.08113E-2 5.67484E-2 7.65887E-2 1.0036E-1 1.27126E-1 2.48017E-1 2.84876E-1 3.42435E-1 4.8353E-1 5.13047E-1 4.47528E-1 4.47528E-1 4.74898E-1 4.45118E-1 4.19353E-1 4.73193E-1 3.30893E-1 2.38998E-1 1.69956E-1 1.69956E-1 4.12468E-1 4.21759E-1 5.12384E-1 5.12466E-1 4.48612E-1 5.13529E-1 5.34576E-1 5.02781E-1 4.93965E-1 5.21719E-1 4.86499E-1 5.3246E-1 5.67108E-1 4.17617E-1 4.17617E-1 3.24466E-1 2.93386E-1 4.89479E-1 5.99793E-1 6.81288E-1 7.0118E-1 6.80974E-1 -9999 -9999 -9999 -9999 -9999 -9999 -9999 -9999 -9999
-9999 -9999 -9999 -9999 6.78959E-6 8.94227E-7 3.86082E-5 8.06228E-6 1.81355E-4 2.19142E-4 2.33468E-4 9.72104E-4 1.3716E-3 1.67165E-3 6.06571E-3 1.16132E-2 3.39218E-2 2.80017E-2 5.36948E-2 7.71755E-2 7.72633E-2 1.00947E-1 1.36537E-1 1.66645E-1 3.68217E-1 4.83277E-1 5.13047E-1 5.18566E-1 4.23585E-1 4.5774E-1 4.67881E-1 3.67565E-1 2.53419E-1 2.95395E-1 3.22883E-1 3.22883E-1 4.35631E-1 4.14504E-1 4.89326E-1 4.89326E-1 5.12466E-1 5.60436E-1 6.14405E-1 6.25924E-1 3.89447E-1 5.54917E-1 5.21912E-1 5.6182E-1 5.01447E-1 5.37485E-1 5.80422E-1 5.06896E-1 4.34705E-1 5.21799E-1 4.63122E-1 4.44399E-1 6.45022E-1 6.45022E-1 6.02705E-1 -9999 -9999 -9999 -9999 -9999 -9999 -9999 -9999 -9999
-9999 -9999 -9999 -9999 -9999 1.04599E-5 5.49477E-8 3.41112E-8 3.08123E-8 1.09087E-5 6.90485E-5 9.40165E-4 4.62564E-3 1.04287E-2 6.98727E-3 1.3487E-2 3.20015E-2 3.77285E-2 4.94375E-2 1.14729E-1 1.40978E-1 1.07931E-1 7.80623E-2 1.66645E-1 3.30611E-1 4.82118E-1 5.7655E-1 4.66415E-1 5.11994E-1 4.93138E-1 4.45866E-1 3.89078E-1 3.89078E-1 3.49034E-1 3.94438E-1 3.83816E-1 3.83816E-1 3.98859E-1 3.98859E-1 4.70004E-1 5.2764E-1 -9999 4.84882E-1 -9999 -9999 -9999 -9999 -9999 5.01447E-1 5.19364E-1 6.34966E-1 3.94857E-1 3.57231E-1 4.851E-1 4.8839E-1 6.39855E-1 6.06604E-1 6.06028E-1 5.08954E-1 -9999 -9999 -9999 -9999 -9999 -9999 -9999 -9999 -9999
-9999 -9999 -9999 -9999 -9999 9.04774E-7 6.63419E-6 2.8034E-8 3.33928E-8 -9999 -9999 -9999 1.28238E-2 9.75056E-3 1.27886E-2 1.26793E-2 2.09095E-2 3.75703E-2 4.71909E-2 1.05664E-1 1.31676E-1 8.76665E-2 1.09152E-1 1.74889E-1 3.30611E-1 2.99874E-1 5.27937E-1 4.00519E-1 3.36133E-1 3.9647E-1 4.45866E-1 3.6028E-1 3.7564E-1 4.56722E-1 4.06773E-1 4.06773E-1 3.73032E-1 4.24112E-1 3.4516E-1 2.59567E-1 -9999 -9999 -9999 -9999 -9999 -9999 -9999 -9999 -9999 -9999 3.89162E-1 5.01869E-1 -9999 -9999 4.49959E-1 6.32011E-1 6.06028E-1 6.2344E-1 5.38956E-1 4.69234E-1 -9999 -9999 -9999 -9999 -9999 -9999 -9999 -9999
-9999 -9999 -9999 -9999 -9999 -9999 6.927E-6 9.4259E-6 8.17283E-4 -9999 -9999 -9999 -9999 1.07839E-2 1.40188E-2 1.49052E-2 4.05003E-2 4.86526E-2 5.57411E-2 1.55548E-1 1.2929E-1 8.76665E-2 1.3359E-1 2.57591E-1 2.58784E-1 2.8882E-1 4.50324E-1 4.00519E-1 -9999 -9999 -9999 -9999 -9999 -9999 -9999 4.05145E-1 4.05145E-1 3.61747E-1 2.74604E-1 2.79819E-1 2.79819E-1 -9999 -9999 -9999 -9999 -9999 -9999 -9999 -9999 -9999 -9999 -9999 -9999 -9999 -9999 6.21448E-1 6.0748E-1 5.60472E-1 4.95651E-1 5.09917E-1 -9999 -9999 -9999 -9999 -9999 -9999 -9999 -9999
-9999 -9999 -9999 -9999 -9999 -9999 -9999 -9999 -9999 -9999 -9999 -9999 -9999 -9999 1.32121E-2 1.62422E-2 4.29181E-2 4.29181E-2 1.12527E-1 1.49114E-1 1.35393E-1 1.66946E-1 2.12364E-1 2.12364E-1 2.58784E-1 4.10549E-1 3.00426E-1 -9999 -9999 -9999 -9999 -9999 -9999 -9999 -9999 -9999 -9999 -9999 -9999 -9999 -9999 -9999 -9999 -9999 -9999 -9999 -9999 -9999 -9999 -9999 -9999 -9999 -9999 -9999 -9999 -9999 5.21978E-1 5.96052E-1 5.35309E-1 5.20457E-1 -9999 -9999 -9999 -9999 -9999 -9999 -9999 -9999
-9999 -9999 -9999 -9999 -9999 -9999 -9999 -9999 -9999 -9999 -9999 -9999 -9999 -9999 -9999 2.01241E-2 3.00928E-2 6.53877E-2 6.64197E-2 1.31691E-1 1.31691E-1 1.66946E-1 2.74826E-1 2.70315E-1 -9999 -9999 -9999 -9999 -9999 -9999 -9999 -9999 -9999 -9999 -9999 -9999 -9999 -9999 -9999 -9999 -9999 -9999 -9999 -9999 -9999 -9999 -9999 -9999 -9999 -9999 -9999 -9999 -9999 -9999 -9999 -9999 -9999 5.13835E-1 5.64E-1 5.55889E-1 5.06862E-1 -9999 -9999 -9999 -9999 -9999 -9999 -9999
-9999 -9999 -9999 -9999 -9999 -9999 -9999 -9999 -9999 -9999 -9999 -9999 -9999 -9999 -9999 -9999 2.9689E-2 2.9689E-2 8.41225E-2 1.0252E-1 1.45321E-1 2.58192E-1 2.14408E-1 -9999 -9999 -9999 -9999 -9999 -9999 -9999 -9999 -9999 -9999 -9999 -9999 -9999 -9999 -9999 -9999 -9999 -9999 -9999 -9999 -9999 -9999 -9999 -9999 -9999 -9999 -9999 -9999 -9999 -9999 -9999 -9999 -9999 4.77521E-1 5.96599E-1 5.54414E-1 6.03159E-1 5.50383E-1 -9999 -9999 -9999 -9999 -9999 -9999 -9999
