Herrick/MaxEnt/P_palustris/pinpal_stddev.asc
ncols         74
nrows         38
xllcorner     -106.64565579308
yllcorner     24.396312300244
cellsize      0.427930777738
NODATA_value  -9999
[rows 0 to 29 of 38, columns 0 to 67 of 74]
-9999 -9999 -9999 -9999 -9999 -9999 -9999 -9999 -9999 -9999 -9999 -9999 -9999 -9999 -9999 -9999 -9999 -9999 -9999 -9999 -9999 -9999 -9999 -9999 -9999 -9999 -9999 -9999 -9999 -9999 -9999 -9999 -9999 -9999 -9999 -9999 -9999 -9999 -9999 -9999 -9999 -9999 -9999 -9999 -9999 -9999 -9999 -9999 -9999 -9999 -9999 -9999 -9999 -9999 -9999 -9999 -9999 -9999 -9999 -9999 -9999 -9999 -9999 -9999 -9999 -9999 -9999 -9999
-9999 -9999 -9999 -9999 -9999 -9999 -9999 -9999 -9999 -9999 -9999 -9999 -9999 -9999 -9999 -9999 -9999 -9999 -9999 -9999 -9999 -9999 -9999 -9999 -9999 -9999 -9999 -9999 -9999 -9999 -9999 -9999 -9999 -9999 -9999 -9999 -9999 -9999 -9999 -9999 -9999 -9999 -9999 -9999 -9999 -9999 -9999 -9999 -9999 -9999 -9999 -9999 -9999 -9999 -9999 -9999 -9999 -9999 -9999 -9999 -9999 -9999 -9999 -9999 -9999 -9999 -9999 -9999
-9999 -9999 -9999 -9999 -9999 -9999 -9999 -9999 -9999 -9999 -9999 -9999 -9999 -9999 -9999 -9999 -9999 -9999 -9999 -9999 -9999 -9999 -9999 -9999 -9999 -9999 -9999 -9999 -9999 -9999 -9999 -9999 -9999 -9999 -9999 -9999 -9999 -9999 -9999 -9999 -9999 -9999 -9999 -9999 -9999 -9999 -9999 -9999 -9999 -9999 -9999 -9999 -9999 -9999 -9999 -9999 -9999 -9999 -9999 -9999 1.00236E-2 1.00236E-2 5.7845E-3 5.79851E-3 8.3939E-4 8.3939E-4 1.26877E-2 2.14901E-2
-9999 -9999 -9999 -9999 -9999 -9999 -9999 -9999 -9999 -9999 -9999 -9999 -9999 -9999 -9999 -9999 -9999 -9999 -9999 -9999 -9999 -9999 -9999 -9999 -9999 -9999 -9999 -9999 -9999 -9999 -9999 -9999 -9999 -9999 -9999 -9999 -9999 -9999 -9999 -9999 -9999 -9999 -9999 -9999 -9999 -9999 -9999 -9999 -9999 -9999 -9999 -9999 -9999 -9999 -9999 -9999 -9999 -9999 2.63481E-2 2.94199E-2 2.40597E-2 1.10153E-2 1.20668E-2 3.45544E-3 1.46217E-3 2.2112E-2 2.2112E-2 3.40779E-2
-9999 -9999 -9999 -9999 -9999 -9999 -9999 -9999 -9999 -9999 -9999 -9999 -9999 -9999 -9999 -9999 -9999 -9999 -9999 -9999 -9999 -9999 -9999 -9999 -9999 -9999 -9999 -9999 -9999 -9999 -9999 -9999 -9999 -9999 -9999 -9999 -9999 -9999 -9999 -9999 -9999 -9999 -9999 -9999 -9999 -9999 -9999 -9999 -9999 -9999 3.068E-2 5.81559E-2 5.81559E-2 -9999 -9999 3.62401E-2 -9999 5.78121E-2 2.46924E-2 2.80896E-2 3.22507E-2 9.90716E-3 9.90716E-3 4.34956E-5 7.83797E-3 7.83797E-3 2.52058E-2 4.20961E-2
-9999 -9999 -9999 -9999 -9999 -9999 -9999 -9999 -9999 -9999 -9999 -9999 -9999 -9999 -9999 -9999 -9999 -9999 -9999 -9999 -9999 -9999 -9999 -9999 -9999 -9999 -9999 -9999 -9999 -9999 -9999 -9999 -9999 -9999 -9999 -9999 -9999 -9999 -9999 -9999 -9999 -9999 -9999 -9999 -9999 -9999 -9999 -9999 -9999 2.43547E-2 1.54827E-2 1.54827E-2 4.23429E-2 3.33893E-2 4.00595E-2 4.81972E-2 7.43869E-2 6.79758E-2 3.89306E-2 3.57991E-2 3.22507E-2 2.39196E-5 4.34956E-5 1.2901E-4 1.11626E-2 1.15773E-2 1.20873E-2 5.59313E-2
-9999 -9999 -9999 -9999 -9999 -9999 -9999 -9999 -9999 -9999 -9999 -9999 -9999 -9999 -9999 -9999 -9999 -9999 -9999 -9999 -9999 -9999 -9999 -9999 -9999 -9999 -9999 -9999 -9999 -9999 -9999 -9999 -9999 -9999 -9999 -9999 -9999 -9999 -9999 -9999 -9999 -9999 -9999 -9999 -9999 -9999 4.19674E-2 7.67875E-2 5.80866E-2 4.85531E-2 2.80517E-2 2.80517E-2 3.21268E-2 2.9267E-2 3.3671E-2 3.39428E-2 4.11733E-2 6.16462E-2 4.72828E-2 6.86016E-3 6.86016E-3 2.39196E-5 1.21475E-3 1.60969E-3 1.60969E-3 7.81793E-3 4.92663E-2 5.11708E-2
-9999 -9999 -9999 -9999 -9999 -9999 -9999 -9999 -9999 -9999 -9999 -9999 -9999 -9999 -9999 -9999 -9999 -9999 -9999 -9999 -9999 -9999 -9999 -9999 -9999 -9999 -9999 -9999 -9999 -9999 -9999 -9999 -9999 -9999 -9999 -9999 -9999 -9999 -9999 -9999 -9999 -9999 -9999 2.8972E-2 2.22743E-2 2.9425E-2 2.95765E-2 4.18279E-2 5.16781E-2 2.67024E-2 2.67024E-2 2.37086E-2 2.51312E-2 2.57836E-2 3.04011E-2 1.42768E-2 2.65094E-2 4.38564E-2 2.15396E-2 4.88443E-4 3.26236E-3 1.74618E-3 8.88792E-3 7.00214E-3 3.55585E-2 4.75046E-2 5.09367E-2 5.23006E-2
-9999 -9999 -9999 -9999 -9999 -9999 -9999 -9999 -9999 -9999 -9999 -9999 -9999 -9999 -9999 -9999 -9999 -9999 -9999 -9999 -9999 -9999 -9999 -9999 -9999 -9999 -9999 -9999 -9999 -9999 -9999 -9999 -9999 -9999 -9999 -9999 -9999 -9999 -9999 -9999 -9999 3.90164E-2 4.46993E-2 2.22743E-2 2.24225E-2 2.14646E-2 2.10425E-2 3.7932E-2 4.51052E-2 2.72791E-2 3.76977E-2 2.88133E-2 1.19174E-2 1.10012E-2 1.13337E-2 1.26181E-2 1.19443E-2 4.39739E-3 3.45688E-3 2.09011E-4 2.34009E-3 1.62556E-3 1.05019E-2 3.63173E-2 4.0768E-2 4.5806E-2 5.21612E-2 5.51554E-2
-9999 -9999 -9999 -9999 -9999 -9999 -9999 -9999 -9999 -9999 -9999 -9999 -9999 -9999 -9999 -9999 -9999 -9999 -9999 -9999 -9999 -9999 -9999 -9999 -9999 -9999 -9999 -9999 -9999 -9999 -9999 -9999 -9999 -9999 -9999 -9999 -9999 -9999 -9999 -9999 4.58049E-2 4.60825E-2 4.74487E-2 4.99888E-2 3.58093E-2 3.58093E-2 4.3034E-2 4.05304E-2 2.48752E-2 3.19448E-2 2.39339E-2 2.87364E-2 1.25082E-2 1.45869E-2 5.78893E-3 2.22499E-3 3.72152E-3 3.58015E-3 3.58015E-3 2.09011E-4 3.29918E-4 1.06484E-3 2.49988E-2 5.03343E-2 4.92338E-2 5.0893E-2 5.58052E-2 6.06709E-2
-9999 -9999 -9999 -9999 -9999 -9999 -9999 -9999 1.10265E-7 1.22345E-5 2.5279E-5 2.5279E-5 6.75475E-5 9.74196E-5 3.0177E-4 4.79147E-4 -9999 -9999 -9999 -9999 -9999 -9999 -9999 -9999 -9999 -9999 -9999 -9999 2.44691E-2 3.59458E-2 4.0794E-2 3.30066E-2 2.79783E-2 4.36881E-2 4.46189E-2 3.19202E-2 4.28913E-2 6.58715E-2 -9999 -9999 5.14976E-2 4.9968E-2 5.2779E-2 4.99888E-2 5.29885E-2 4.68175E-2 5.24816E-2 6.9953E-2 5.57096E-2 3.19448E-2 1.48152E-2 7.2306E-3 1.13786E-2 3.64171E-2 3.81633E-2 2.57004E-2 2.67347E-2 4.72555E-4 1.73787E-5 3.18873E-4 1.69203E-3 3.80587E-2 5.07699E-2 5.1796E-2 5.37391E-2 5.38891E-2 6.18658E-2 5.92093E-2
-9999 -9999 -9999 -9999 -9999 -9999 -9999 -9999 1.72477E-7 1.52619E-5 1.32814E-5 9.06284E-5 5.8101E-4 1.15705E-3 1.22336E-3 9.9272E-4 -9999 -9999 -9999 -9999 -9999 -9999 -9999 -9999 -9999 -9999 -9999 -9999 2.25773E-2 3.59458E-2 7.33492E-3 2.81129E-3 8.73721E-3 2.96416E-2 2.96416E-2 6.3621E-2 5.44822E-2 6.52878E-2 6.27419E-2 5.93448E-2 5.12137E-2 4.88485E-2 5.2779E-2 5.84181E-2 5.47028E-2 3.55788E-2 6.82498E-2 5.53623E-2 5.17673E-2 5.17673E-2 7.1268E-3 1.04404E-2 4.7451E-2 6.52411E-2 3.44783E-2 2.11019E-4 8.44782E-5 5.02065E-5 1.73787E-5 1.31279E-2 3.25659E-2 5.12235E-2 3.1368E-1 5.36142E-2 5.37391E-2 6.5389E-2 6.75791E-2 6.75791E-2
-9999 -9999 -9999 -9999 -9999 -9999 -9999 -9999 3.48661E-5 1.65556E-5 1.23298E-4 1.25041E-4 5.8101E-4 6.43893E-4 1.22336E-3 2.99529E-3 -9999 -9999 -9999 -9999 -9999 -9999 -9999 -9999 -9999 -9999 -9999 -9999 -9999 4.30536E-2 6.08191E-2 2.19488E-2 8.73721E-3 6.17823E-2 5.42849E-2 4.72563E-2 5.45182E-2 5.45182E-2 6.02061E-2 6.10082E-2 6.30636E-2 6.52938E-2 7.05416E-2 4.9897E-2 4.56444E-2 3.30331E-2 3.99708E-2 7.19834E-2 4.21268E-2 2.00686E-2 3.27424E-2 6.60526E-2 2.42462E-2 1.51528E-3 6.27284E-5 6.06231E-5 6.06231E-5 2.66691E-2 2.61784E-2 7.53994E-2 4.65776E-2 4.78964E-2 3.10492E-1 5.8018E-2 7.02386E-2 7.02386E-2 5.60824E-2 5.73922E-2
-9999 -9999 -9999 -9999 -9999 -9999 -9999 -9999 1.33872E-5 2.01405E-6 2.81709E-5 1.8038E-4 1.85285E-4 9.91557E-4 1.99105E-3 2.71344E-3 -9999 -9999 -9999 -9999 -9999 -9999 -9999 -9999 -9999 -9999 -9999 -9999 -9999 4.30536E-2 6.22137E-2 5.75025E-2 5.18671E-2 5.63883E-2 4.95714E-2 6.80783E-2 6.80783E-2 6.05807E-2 7.62352E-2 4.62651E-2 7.65151E-2 6.05184E-2 5.56979E-2 4.89954E-2 3.53253E-2 4.2587E-2 4.41468E-2 3.89778E-2 2.61739E-2 3.24763E-2 4.52311E-2 1.30261E-2 1.85378E-2 9.52149E-4 2.18961E-4 4.78988E-5 4.37038E-2 4.23148E-2 3.90695E-2 4.73801E-2 4.87926E-2 3.031E-2 3.031E-2 6.04689E-2 5.80078E-2 7.35836E-2 7.35836E-2 5.35867E-2
-9999 -9999 -9999 -9999 -9999 -9999 -9999 -9999 2.43363E-6 2.64326E-5 3.46778E-5 2.86796E-4 1.66887E-3 3.36474E-3 1.99105E-3 1.56371E-2 -9999 -9999 -9999 -9999 -9999 -9999 -9999 -9999 -9999 -9999 -9999 -9999 4.32178E-2 2.90778E-2 5.0694E-2 4.82048E-2 5.78497E-2 6.48377E-2 5.70167E-2 6.02238E-2 7.28338E-2 7.74849E-2 8.49486E-2 7.62103E-2 7.28662E-2 8.93648E-2 4.89954E-2 4.77828E-2 3.97277E-2 4.6791E-2 5.79879E-2 5.21019E-2 2.68726E-2 1.7449E-2 3.20044E-2 3.09884E-2 3.26144E-3 2.51554E-2 2.4096E-2 4.57389E-2 4.37038E-2 4.08648E-2 4.1086E-2 4.8208E-2 5.37919E-2 5.1891E-2 4.94982E-2 3.97441E-2 7.26693E-2 6.88888E-2 4.08348E-2 5.75783E-2
-9999 -9999 -9999 -9999 -9999 -9999 -9999 -9999 3.06025E-5 3.06025E-5 3.0236E-4 3.20471E-4 1.92123E-3 3.63833E-3 5.9158E-3 1.04302E-2 1.58813E-2 1.93886E-2 1.29836E-2 1.95774E-2 -9999 -9999 -9999 -9999 -9999 -9999 -9999 -9999 7.35803E-2 7.35803E-2 6.99732E-2 6.50794E-2 6.21573E-2 5.86701E-2 6.41513E-2 6.35148E-2 6.90303E-2 7.46304E-2 7.46304E-2 7.12197E-2 9.07279E-2 6.77621E-2 6.34093E-2 5.77758E-2 5.17677E-2 5.20021E-2 6.05833E-2 6.0361E-2 5.35695E-2 4.26956E-2 4.45361E-2 3.89113E-2 5.04694E-2 4.70852E-2 4.70852E-2 4.23468E-2 4.50136E-2 4.38137E-2 4.14161E-2 4.82914E-2 7.03875E-2 7.71794E-2 4.28328E-2 4.28328E-2 4.52636E-2 4.27414E-2 8.65608E-2 -9999
-9999 -9999 -9999 -9999 -9999 -9999 -9999 -9999 7.74679E-5 6.99522E-5 5.74774E-4 2.78128E-3 2.78128E-3 1.50495E-3 5.11949E-3 1.8894E-2 1.95082E-2 2.72275E-2 2.07618E-2 1.95992E-2 1.86492E-2 1.22019E-2 1.23292E-2 2.42238E-2 2.72886E-2 3.83172E-2 5.83046E-2 5.34118E-2 6.30381E-2 4.84146E-2 5.7989E-2 6.84518E-2 6.21573E-2 4.39824E-2 6.52917E-2 6.28623E-2 5.59251E-2 5.59251E-2 4.44689E-2 7.17003E-2 8.97313E-2 9.18978E-2 6.34093E-2 5.66623E-2 6.58521E-2 6.6475E-2 6.3459E-2 6.3459E-2 4.88782E-2 4.97562E-2 6.38E-2 4.79503E-2 5.5623E-2 4.35192E-2 4.10559E-2 4.2674E-2 4.21663E-2 3.34426E-2 4.34325E-2 2.89265E-2 2.89265E-2 7.71794E-2 4.36257E-2 4.36735E-2 1.04009E-1 -9999 -9999 -9999
-9999 -9999 -9999 -9999 -9999 -9999 -9999 -9999 5.02261E-5 5.02261E-5 4.70389E-4 1.68748E-3 3.56573E-3 3.12553E-3 1.56272E-2 2.36987E-2 3.71063E-2 1.9304E-2 1.99434E-2 2.06938E-2 2.12054E-2 2.47398E-2 3.11577E-2 2.70542E-2 2.72886E-2 6.75735E-2 6.52109E-2 6.07499E-2 6.18749E-2 4.84146E-2 5.08165E-2 6.01809E-2 5.13105E-2 4.43285E-2 5.55817E-2 4.95553E-2 4.95553E-2 4.74687E-2 4.56044E-2 8.0111E-2 7.88854E-2 9.18978E-2 4.94888E-2 5.54754E-2 5.45974E-2 5.18949E-2 7.3535E-2 8.18706E-2 5.48243E-2 4.79724E-2 6.52458E-2 6.69787E-2 6.56682E-2 6.56682E-2 3.64458E-2 2.93318E-2 3.13757E-2 3.12455E-2 3.78823E-2 5.80957E-2 3.76431E-2 8.00962E-2 4.14033E-2 1.05749E-1 -9999 -9999 -9999 -9999
-9999 -9999 -9999 -9999 -9999 -9999 -9999 -9999 4.05926E-5 3.33497E-4 1.30852E-3 8.24668E-4 2.30675E-3 3.57224E-3 1.32732E-2 1.60346E-2 8.88818E-3 1.14186E-2 1.95191E-2 1.92881E-2 1.8724E-2 3.09879E-2 4.50161E-2 3.36072E-2 4.55092E-2 6.26748E-2 7.76848E-2 4.96093E-2 6.32629E-2 4.7218E-2 4.74694E-2 4.40489E-2 3.90491E-2 3.73488E-2 3.60119E-2 5.48049E-2 4.90949E-2 6.8916E-2 5.52356E-2 6.14815E-2 6.32034E-2 5.94213E-2 7.24941E-2 4.78875E-2 6.28031E-2 5.23936E-2 5.87948E-2 7.43852E-2 7.5599E-2 5.07803E-2 4.6001E-2 3.75074E-2 6.34341E-2 2.67984E-2 2.67984E-2 2.83451E-2 3.08044E-2 4.61054E-2 3.68695E-2 4.58995E-2 4.58995E-2 4.53994E-2 1.28731E-1 -9999 -9999 -9999 -9999 -9999
-9999 -9999 -9999 -9999 -9999 -9999 -9999 -9999 2.30605E-4 2.30605E-4 1.96665E-3 8.24668E-4 2.27156E-3 5.83381E-3 3.85985E-3 6.56936E-3 8.47072E-3 1.38758E-2 1.33493E-2 1.67959E-2 1.52112E-2 2.06341E-2 3.24195E-2 3.33491E-2 4.99964E-2 4.14296E-2 3.77379E-2 4.01938E-2 3.98956E-2 3.98956E-2 3.62735E-2 4.74662E-2 5.81793E-2 4.47782E-2 6.93378E-2 5.84192E-2 5.05124E-2 6.04852E-2 6.86315E-2 7.85801E-2 6.32034E-2 6.0416E-2 4.60078E-2 4.01308E-2 5.09253E-2 5.15913E-2 5.87948E-2 5.28738E-2 5.27622E-2 4.90063E-2 3.43927E-2 4.25026E-2 4.90466E-2 4.90466E-2 3.29104E-2 2.68808E-2 4.18468E-2 5.36174E-2 4.10228E-2 5.32582E-2 1.14457E-1 -9999 -9999 -9999 -9999 -9999 -9999 -9999
1.04499E-6 9.0064E-7 4.56375E-8 6.04161E-7 8.05621E-8 1.29008E-5 1.29008E-5 6.99226E-4 7.37819E-4 7.25969E-4 4.2156E-3 1.72234E-3 2.19059E-3 4.15181E-3 3.85985E-3 4.11012E-3 8.24072E-3 1.2039E-2 1.08803E-2 1.8489E-2 2.16233E-2 2.16233E-2 3.83208E-2 2.96981E-2 3.75124E-2 3.4817E-2 3.13674E-2 4.39494E-2 4.15736E-2 4.50478E-2 5.23335E-2 5.63791E-2 5.63791E-2 4.95278E-2 4.23958E-2 5.51835E-2 3.66763E-1 5.07053E-2 8.35114E-2 7.85801E-2 5.85548E-2 4.30442E-2 5.25396E-2 4.71119E-2 5.42123E-2 4.57664E-2 4.57664E-2 4.29006E-2 3.9748E-2 4.09477E-2 5.03679E-2 4.25026E-2 4.97584E-2 3.73888E-2 2.8941E-2 4.789E-2 3.46181E-2 3.67834E-2 5.2653E-2 5.2653E-2 -9999 -9999 -9999 -9999 -9999 -9999 -9999 -9999
-9999 1.67711E-5 5.74899E-8 6.66366E-7 1.0489E-6 1.25352E-5 1.49686E-4 1.71764E-4 9.02652E-4 7.09067E-4 2.65027E-3 1.72234E-3 1.68373E-3 2.47294E-3 2.53659E-3 6.19334E-3 1.12731E-2 1.32606E-2 1.32606E-2 1.68207E-2 2.11237E-2 2.51644E-2 3.86358E-2 4.985E-2 3.75124E-2 4.03647E-2 4.34584E-2 3.96301E-2 3.61962E-2 3.63264E-2 5.53397E-2 5.53397E-2 6.48905E-2 6.41621E-2 6.30233E-2 5.3413E-2 5.8189E-2 4.43681E-2 5.15373E-2 5.30613E-2 4.09989E-2 4.64126E-2 5.13585E-2 4.95313E-2 4.33802E-2 4.91473E-2 5.01989E-2 5.49137E-2 5.08427E-2 5.1312E-2 5.03679E-2 2.97089E-2 3.01927E-2 3.95127E-2 3.42129E-2 2.86782E-2 4.05796E-2 6.37058E-2 6.37058E-2 1.24091E-1 -9999 -9999 -9999 -9999 -9999 -9999 -9999 -9999
-9999 -9999 7.55058E-8 1.01868E-6 2.04053E-9 1.2337E-6 3.61059E-5 1.68682E-4 5.9555E-4 1.47836E-3 1.71911E-3 1.77311E-3 1.31674E-3 1.24117E-3 2.67942E-3 2.67942E-3 1.12731E-2 1.90613E-2 2.19535E-2 2.07375E-2 2.17058E-2 2.51644E-2 4.34978E-2 4.2231E-2 4.76349E-2 5.10512E-2 4.39665E-2 4.16584E-2 4.16584E-2 6.20108E-2 5.69985E-2 5.67101E-2 5.76609E-2 4.18852E-2 4.30864E-2 5.99467E-2 5.99467E-2 4.69555E-2 5.09363E-2 5.00926E-2 6.14333E-2 6.23355E-2 5.30267E-2 5.44995E-2 6.41042E-2 6.35146E-2 6.75671E-2 7.39352E-2 5.68597E-2 6.72206E-2 4.0851E-2 4.0851E-2 3.76835E-2 5.00284E-2 5.16787E-2 3.89476E-2 4.05796E-2 5.11479E-2 6.34525E-2 -9999 -9999 -9999 -9999 -9999 -9999 -9999 -9999 -9999
-9999 -9999 -9999 -9999 1.01237E-5 1.4578E-6 4.70777E-5 1.04847E-5 1.94472E-4 2.21643E-4 2.21967E-4 7.99966E-4 1.04576E-3 1.24117E-3 3.88239E-3 7.18053E-3 1.78585E-2 1.38128E-2 2.16504E-2 2.29761E-2 2.10321E-2 1.94789E-2 2.44809E-2 2.97569E-2 4.84368E-2 4.7197E-2 4.39665E-2 4.00747E-2 5.81146E-2 5.98449E-2 6.57551E-2 5.20744E-2 5.66399E-2 6.73784E-2 8.52362E-2 8.52362E-2 6.08249E-2 4.41529E-2 6.37569E-2 6.37569E-2 6.14333E-2 7.42375E-2 5.59877E-2 5.67933E-2 7.90806E-2 2.53482E-1 7.29198E-2 6.17628E-2 7.58504E-2 8.9628E-2 8.82004E-2 5.42444E-2 3.14896E-2 4.39941E-2 2.77707E-2 4.22706E-2 6.07417E-2 6.07417E-2 1.06889E-1 -9999 -9999 -9999 -9999 -9999 -9999 -9999 -9999 -9999
-9999 -9999 -9999 -9999 -9999 1.54733E-5 1.0699E-7 6.34765E-8 5.6327E-8 1.23615E-5 7.01489E-5 7.56037E-4 3.15154E-3 6.13129E-3 4.45273E-3 8.37024E-3 1.69246E-2 1.96113E-2 2.39375E-2 2.68196E-2 3.23418E-2 1.95301E-2 2.66716E-2 2.97569E-2 5.57517E-2 4.35216E-2 4.33591E-2 5.00111E-2 5.49244E-2 7.49945E-2 8.17705E-2 8.80777E-2 8.80777E-2 4.78332E-2 8.33725E-2 9.11888E-2 9.11888E-2 7.30341E-2 7.30341E-2 7.03624E-2 7.10578E-2 -9999 1.08687E-1 -9999 -9999 -9999 -9999 -9999 7.58504E-2 7.18801E-2 5.89497E-2 6.16376E-2 6.09613E-2 5.94288E-2 6.83477E-2 5.22386E-2 6.65451E-2 6.31657E-2 1.15549E-1 -9999 -9999 -9999 -9999 -9999 -9999 -9999 -9999 -9999
-9999 -9999 -9999 -9999 -9999 1.44204E-6 9.14027E-6 5.06709E-8 6.21836E-8 -9999 -9999 -9999 7.8498E-3 5.14338E-3 7.08152E-3 7.87751E-3 1.27864E-2 2.17298E-2 2.33658E-2 3.84895E-2 2.74667E-2 2.88592E-2 3.29258E-2 4.53804E-2 5.57517E-2 7.74888E-2 4.71725E-2 7.64703E-2 9.49481E-2 8.50855E-2 8.17705E-2 8.31228E-2 7.9894E-2 7.69887E-2 8.96808E-2 8.96808E-2 8.19615E-2 6.76995E-2 6.78148E-2 6.93705E-2 -9999 -9999 -9999 -9999 -9999 -9999 -9999 -9999 -9999 -9999 1.23439E-1 1.14289E-1 -9999 -9999 6.39088E-2 7.27054E-2 6.31657E-2 6.03996E-2 6.45585E-2 1.13158E-1 -9999 -9999 -9999 -9999 -9999 -9999 -9999 -9999
-9999 -9999 -9999 -9999 -9999 -9999 9.85315E-6 1.28735E-5 7.66197E-4 -9999 -9999 -9999 -9999 6.14927E-3 6.62416E-3 8.3804E-3 1.86869E-2 1.98463E-2 1.91349E-2 2.88543E-2 2.83403E-2 2.88592E-2 4.03139E-2 5.21267E-2 6.15666E-2 6.86877E-2 8.11575E-2 7.64703E-2 -9999 -9999 -9999 -9999 -9999 -9999 -9999 8.61418E-2 8.61418E-2 7.2317E-2 7.09256E-2 7.10451E-2 7.10451E-2 -9999 -9999 -9999 -9999 -9999 -9999 -9999 -9999 -9999 -9999 -9999 -9999 -9999 -9999 7.21195E-2 7.14192E-2 6.69673E-2 1.00302E-1 9.7455E-2 -9999 -9999 -9999 -9999 -9999 -9999 -9999 -9999
-9999 -9999 -9999 -9999 -9999 -9999 -9999 -9999 -9999 -9999 -9999 -9999 -9999 -9999 6.61572E-3 7.44982E-3 1.73153E-2 1.73153E-2 2.97073E-2 3.3781E-2 3.49216E-2 4.53837E-2 5.8882E-2 5.8882E-2 6.15666E-2 7.16151E-2 8.93488E-2 -9999 -9999 -9999 -9999 -9999 -9999 -9999 -9999 -9999 -9999 -9999 -9999 -9999 -9999 -9999 -9999 -9999 -9999 -9999 -9999 -9999 -9999 -9999 -9999 -9999 -9999 -9999 -9999 -9999 7.02601E-2 7.76919E-2 7.90857E-2 1.0465E-1 -9999 -9999 -9999 -9999 -9999 -9999 -9999 -9999
-9999 -9999 -9999 -9999 -9999 -9999 -9999 -9999 -9999 -9999 -9999 -9999 -9999 -9999 -9999 9.33557E-3 1.44495E-2 2.60212E-2 2.9223E-2 4.36467E-2 4.36467E-2 4.53837E-2 5.86553E-2 5.5058E-2 -9999 -9999 -9999 -9999 -9999 -9999 -9999 -9999 -9999 -9999 -9999 -9999 -9999 -9999 -9999 -9999 -9999 -9999 -9999 -9999 -9999 -9999 -9999 -9999 -9999 -9999 -9999 -9999 -9999 -9999 -9999 -9999 -9999 8.21649E-2 9.5656E-2 8.72189E-2 1.05379E-1 -9999 -9999 -9999 -9999 -9999 -9999 -9999
-9999 -9999 -9999 -9999 -9999 -9999 -9999 -9999 -9999 -9999 -9999 -9999 -9999 -9999 -9999 -9999 1.50796E-2 1.50796E-2 3.86375E-2 4.02121E-2 4.68791E-2 6.53399E-2 7.7531E-2 -9999 -9999 -9999 -9999 -9999 -9999 -9999 -9999 -9999 -9999 -9999 -9999 -9999 -9999 -9999 -9999 -9999 -9999 -9999 -9999 -9999 -9999 -9999 -9999 -9999 -9999 -9999 -9999 -9999 -9999 -9999 -9999 -9999 1.00856E-1 9.57072E-2 9.49256E-2 1.02394E-1 9.63855E-2 -9999 -9999 -9999 -9999 -9999 -9999 -9999
