Herrick/MaxEnt/G_lasianthus/gorlas_G_lasianthus_median.asc
ncols         74
nrows         38
xllcorner     -106.64565579308
yllcorner     24.396312300244
cellsize      0.427930777738
NODATA_value  -9999
[rows 0 to 29 of 38, columns 0 to 67 of 74]
-9999 -9999 -9999 -9999 -9999 -9999 -9999 -9999 -9999 -9999 -9999 -9999 -9999 -9999 -9999 -9999 -9999 -9999 -9999 -9999 -9999 -9999 -9999 -9999 -9999 -9999 -9999 -9999 -9999 -9999 -9999 -9999 -9999 -9999 -9999 -9999 -9999 -9999 -9999 -9999 -9999 -9999 -9999 -9999 -9999 -9999 -9999 -9999 -9999 -9999 -9999 -9999 -9999 -9999 -9999 -9999 -9999 -9999 -9999 -9999 -9999 -9999 -9999 -9999 -9999 -9999 -9999 -9999
-9999 -9999 -9999 -9999 -9999 -9999 -9999 -9999 -9999 -9999 -9999 -9999 -9999 -9999 -9999 -9999 -9999 -9999 -9999 -9999 -9999 -9999 -9999 -9999 -9999 -9999 -9999 -9999 -9999 -9999 -9999 -9999 -9999 -9999 -9999 -9999 -9999 -9999 -9999 -9999 -9999 -9999 -9999 -9999 -9999 -9999 -9999 -9999 -9999 -9999 -9999 -9999 -9999 -9999 -9999 -9999 -9999 -9999 -9999 -9999 -9999 -9999 -9999 -9999 -9999 -9999 -9999 -9999
-9999 -9999 -9999 -9999 -9999 -9999 -9999 -9999 -9999 -9999 -9999 -9999 -9999 -9999 -9999 -9999 -9999 -9999 -9999 -9999 -9999 -9999 -9999 -9999 -9999 -9999 -9999 -9999 -9999 -9999 -9999 -9999 -9999 -9999 -9999 -9999 -9999 -9999 -9999 -9999 -9999 -9999 -9999 -9999 -9999 -9999 -9999 -9999 -9999 -9999 -9999 -9999 -9999 -9999 -9999 -9999 -9999 -9999 -9999 -9999 6.03129E-2 6.03129E-2 5.68474E-2 2.42796E-2 3.57387E-3 3.57387E-3 6.06207E-2 1.36222E-1
-9999 -9999 -9999 -9999 -9999 -9999 -9999 -9999 -9999 -9999 -9999 -9999 -9999 -9999 -9999 -9999 -9999 -9999 -9999 -9999 -9999 -9999 -9999 -9999 -9999 -9999 -9999 -9999 -9999 -9999 -9999 -9999 -9999 -9999 -9999 -9999 -9999 -9999 -9999 -9999 -9999 -9999 -9999 -9999 -9999 -9999 -9999 -9999 -9999 -9999 -9999 -9999 -9999 -9999 -9999 -9999 -9999 -9999 1.35696E-1 1.35593E-1 1.35558E-1 6.01954E-2 6.00196E-2 9.3708E-3 3.92498E-3 1.36234E-1 1.36234E-1 2.59265E-1
-9999 -9999 -9999 -9999 -9999 -9999 -9999 -9999 -9999 -9999 -9999 -9999 -9999 -9999 -9999 -9999 -9999 -9999 -9999 -9999 -9999 -9999 -9999 -9999 -9999 -9999 -9999 -9999 -9999 -9999 -9999 -9999 -9999 -9999 -9999 -9999 -9999 -9999 -9999 -9999 -9999 -9999 -9999 -9999 -9999 -9999 -9999 -9999 -9999 -9999 2.58404E-1 2.55964E-1 2.55964E-1 -9999 -9999 1.35508E-1 -9999 2.53639E-1 1.35424E-1 1.35319E-1 1.35182E-1 2.42647E-2 2.42647E-2 1.58839E-4 2.57006E-2 2.57006E-2 1.36012E-1 2.58973E-1
-9999 -9999 -9999 -9999 -9999 -9999 -9999 -9999 -9999 -9999 -9999 -9999 -9999 -9999 -9999 -9999 -9999 -9999 -9999 -9999 -9999 -9999 -9999 -9999 -9999 -9999 -9999 -9999 -9999 -9999 -9999 -9999 -9999 -9999 -9999 -9999 -9999 -9999 -9999 -9999 -9999 -9999 -9999 -9999 -9999 -9999 -9999 -9999 -9999 1.35146E-1 1.34267E-1 1.34267E-1 1.3509E-1 1.35147E-1 1.35195E-1 1.34984E-1 2.49646E-1 2.51133E-1 1.34989E-1 1.3502E-1 1.35182E-1 1.58641E-4 1.58839E-4 5.19955E-4 2.60247E-2 2.5883E-2 2.43961E-2 3.82297E-1
-9999 -9999 -9999 -9999 -9999 -9999 -9999 -9999 -9999 -9999 -9999 -9999 -9999 -9999 -9999 -9999 -9999 -9999 -9999 -9999 -9999 -9999 -9999 -9999 -9999 -9999 -9999 -9999 -9999 -9999 -9999 -9999 -9999 -9999 -9999 -9999 -9999 -9999 -9999 -9999 -9999 -9999 -9999 -9999 -9999 -9999 3.66031E-1 2.47856E-1 2.51472E-1 2.55562E-1 1.34976E-1 1.34976E-1 1.3481E-1 1.34805E-1 1.347E-1 1.34906E-1 1.34801E-1 1.34712E-1 1.34779E-1 9.35179E-3 9.35179E-3 1.58641E-4 3.55666E-3 3.84984E-3 3.84984E-3 2.42781E-2 3.9251E-1 4.89779E-1
-9999 -9999 -9999 -9999 -9999 -9999 -9999 -9999 -9999 -9999 -9999 -9999 -9999 -9999 -9999 -9999 -9999 -9999 -9999 -9999 -9999 -9999 -9999 -9999 -9999 -9999 -9999 -9999 -9999 -9999 -9999 -9999 -9999 -9999 -9999 -9999 -9999 -9999 -9999 -9999 -9999 -9999 -9999 3.88268E-1 3.90372E-1 3.8756E-1 2.56246E-1 2.50122E-1 2.53673E-1 1.34727E-1 1.34727E-1 1.34804E-1 1.34649E-1 1.34451E-1 1.34521E-1 5.95772E-2 5.9622E-2 5.97827E-2 2.40903E-2 1.31747E-3 3.54569E-3 3.66508E-3 1.00869E-2 2.56366E-2 1.34838E-1 2.57255E-1 3.92304E-1 4.95465E-1
-9999 -9999 -9999 -9999 -9999 -9999 -9999 -9999 -9999 -9999 -9999 -9999 -9999 -9999 -9999 -9999 -9999 -9999 -9999 -9999 -9999 -9999 -9999 -9999 -9999 -9999 -9999 -9999 -9999 -9999 -9999 -9999 -9999 -9999 -9999 -9999 -9999 -9999 -9999 -9999 -9999 3.9103E-1 3.91124E-1 3.90372E-1 2.57533E-1 3.91172E-1 3.86404E-1 2.56241E-1 2.55834E-1 1.34695E-1 1.34023E-1 1.34329E-1 5.96243E-2 5.96571E-2 5.96703E-2 5.96944E-2 2.405E-2 3.52342E-3 3.52015E-3 4.98036E-4 3.53866E-3 3.60944E-3 9.89421E-3 1.35915E-1 1.34368E-1 2.56213E-1 3.91004E-1 4.73606E-1
-9999 -9999 -9999 -9999 -9999 -9999 -9999 -9999 -9999 -9999 -9999 -9999 -9999 -9999 -9999 -9999 -9999 -9999 -9999 -9999 -9999 -9999 -9999 -9999 -9999 -9999 -9999 -9999 -9999 -9999 -9999 -9999 -9999 -9999 -9999 -9999 -9999 -9999 -9999 -9999 5.01922E-1 3.9095E-1 3.89134E-1 3.89566E-1 2.56404E-1 2.56404E-1 2.55864E-1 1.34071E-1 1.33792E-1 1.31785E-1 1.31888E-1 1.34079E-1 5.94596E-2 5.95662E-2 9.27944E-3 3.545E-3 3.52188E-3 3.52142E-3 3.52142E-3 4.98036E-4 1.4057E-3 3.7634E-3 1.33261E-1 2.54402E-1 2.55801E-1 3.88563E-1 3.86441E-1 4.98473E-1
-9999 -9999 -9999 -9999 -9999 -9999 -9999 -9999 4.27413E-6 5.85035E-5 1.74649E-4 1.74649E-4 5.14339E-4 5.09084E-4 1.44051E-3 1.51375E-3 -9999 -9999 -9999 -9999 -9999 -9999 -9999 -9999 -9999 -9999 -9999 -9999 1.39201E-1 6.11146E-2 6.11338E-2 6.14692E-2 1.35684E-1 1.35368E-1 2.53321E-1 1.33876E-1 2.55658E-1 3.88521E-1 -9999 -9999 5.01934E-1 3.90017E-1 3.88918E-1 3.89566E-1 3.89673E-1 2.55476E-1 2.55624E-1 2.52473E-1 2.51545E-1 1.31785E-1 5.93046E-2 2.39762E-2 2.39877E-2 5.85538E-2 5.89631E-2 2.39671E-2 2.39477E-2 1.39871E-3 1.72704E-4 1.39631E-3 3.74521E-3 1.31508E-1 1.32404E-1 2.54244E-1 2.5326E-1 3.88156E-1 3.90091E-1 5.01451E-1
-9999 -9999 -9999 -9999 -9999 -9999 -9999 -9999 4.50385E-6 5.69065E-5 5.87237E-5 1.85795E-4 5.30557E-4 1.53675E-3 1.53511E-3 3.91313E-3 -9999 -9999 -9999 -9999 -9999 -9999 -9999 -9999 -9999 -9999 -9999 -9999 6.12353E-2 6.11146E-2 2.47718E-2 9.6586E-3 2.45286E-2 1.34561E-1 1.34561E-1 2.54294E-1 3.88363E-1 3.89251E-1 5.01147E-1 5.00791E-1 3.89397E-1 3.89355E-1 3.88918E-1 3.86801E-1 3.87008E-1 1.33813E-1 2.5228E-1 2.53671E-1 1.31702E-1 1.31702E-1 2.39649E-2 2.39556E-2 5.875E-2 5.83437E-2 5.8598E-2 4.89422E-4 4.96375E-4 1.72362E-4 1.72704E-4 2.39324E-2 1.33166E-1 1.33268E-1 2.41377E-1 2.53085E-1 2.5326E-1 3.89097E-1 3.89472E-1 3.89472E-1
-9999 -9999 -9999 -9999 -9999 -9999 -9999 -9999 6.2604E-5 5.75795E-5 1.78611E-4 1.80907E-4 5.30557E-4 5.38794E-4 1.53511E-3 4.06187E-3 -9999 -9999 -9999 -9999 -9999 -9999 -9999 -9999 -9999 -9999 -9999 -9999 -9999 2.53711E-1 2.5218E-1 5.91559E-2 2.45286E-2 2.5131E-1 2.52157E-1 2.54295E-1 5.00879E-1 5.00879E-1 4.96988E-1 5.00265E-1 5.00174E-1 3.73946E-1 3.75505E-1 2.49129E-1 2.51157E-1 1.33158E-1 1.32707E-1 1.31447E-1 1.31676E-1 2.39512E-2 5.90415E-2 1.30053E-1 2.38382E-2 1.30634E-3 1.70597E-4 1.68289E-4 1.68289E-4 5.88483E-2 5.91359E-2 1.32558E-1 1.33438E-1 2.54685E-1 2.42795E-1 2.53946E-1 5.00617E-1 5.00617E-1 5.00838E-1 5.89739E-1
-9999 -9999 -9999 -9999 -9999 -9999 -9999 -9999 5.7206E-5 1.66211E-5 5.92905E-5 1.83156E-4 1.82079E-4 5.37085E-4 1.46175E-3 3.8781E-3 -9999 -9999 -9999 -9999 -9999 -9999 -9999 -9999 -9999 -9999 -9999 -9999 -9999 2.53711E-1 2.51262E-1 2.51545E-1 2.50303E-1 2.51344E-1 3.77955E-1 4.80916E-1 4.80916E-1 4.89691E-1 4.84229E-1 3.80793E-1 2.50642E-1 3.82787E-1 3.77843E-1 2.46921E-1 1.30022E-1 1.31882E-1 1.31492E-1 1.31698E-1 5.86574E-2 5.86798E-2 5.88483E-2 2.38305E-2 2.36379E-2 1.30261E-3 4.5598E-4 1.63988E-4 5.75169E-2 5.79583E-2 1.30982E-1 2.54347E-1 2.54536E-1 3.89642E-1 3.89642E-1 2.53114E-1 3.8879E-1 5.00651E-1 5.00651E-1 5.89739E-1
-9999 -9999 -9999 -9999 -9999 -9999 -9999 -9999 1.67301E-5 6.01802E-5 6.12522E-5 1.89582E-4 5.42508E-4 1.49104E-3 1.46175E-3 1.05858E-2 -9999 -9999 -9999 -9999 -9999 -9999 -9999 -9999 -9999 -9999 -9999 -9999 1.34195E-1 5.9162E-2 1.31821E-1 1.3171E-1 2.49355E-1 3.80762E-1 4.81523E-1 4.86621E-1 4.85307E-1 4.77249E-1 4.66291E-1 3.78247E-1 3.80417E-1 2.48182E-1 2.46921E-1 2.4654E-1 1.29695E-1 1.30449E-1 2.45982E-1 1.29395E-1 5.83247E-2 2.38431E-2 5.84564E-2 5.8414E-2 3.58513E-3 2.35513E-2 2.33388E-2 1.30657E-1 5.75169E-2 1.31297E-1 2.54615E-1 2.5441E-1 4.28555E-1 2.90888E-1 5.21663E-1 5.00587E-1 5.00284E-1 5.93972E-1 5.94058E-1 5.9407E-1
-9999 -9999 -9999 -9999 -9999 -9999 -9999 -9999 6.00916E-5 6.00916E-5 1.90259E-4 1.88964E-4 5.4019E-4 1.48077E-3 3.9581E-3 1.01736E-2 2.64308E-2 6.0342E-2 5.96488E-2 1.18907E-1 -9999 -9999 -9999 -9999 -9999 -9999 -9999 -9999 1.32762E-1 1.32762E-1 1.3172E-1 1.32122E-1 3.78072E-1 4.81339E-1 4.79937E-1 4.81795E-1 4.97194E-1 4.76241E-1 4.76241E-1 4.70987E-1 3.76322E-1 3.70295E-1 3.77658E-1 3.76555E-1 2.45103E-1 2.45711E-1 2.44649E-1 1.2922E-1 1.30089E-1 1.29934E-1 1.30444E-1 1.30831E-1 1.30522E-1 1.31193E-1 1.31193E-1 2.50875E-1 2.50871E-1 2.5433E-1 2.54763E-1 3.82573E-1 4.1591E-1 5.30984E-1 5.89739E-1 5.89739E-1 5.89739E-1 5.92723E-1 6.23275E-1 -9999
-9999 -9999 -9999 -9999 -9999 -9999 -9999 -9999 6.72235E-5 6.28985E-5 2.11475E-4 5.57293E-4 5.57293E-4 5.38444E-4 3.62177E-3 2.42495E-2 2.54113E-2 5.75456E-2 5.59484E-2 1.09844E-1 1.09779E-1 1.01268E-1 9.54944E-2 1.85752E-1 1.98804E-1 2.37538E-1 2.53564E-1 3.7549E-1 3.76391E-1 3.80583E-1 3.80099E-1 3.80228E-1 3.78072E-1 4.84577E-1 4.844E-1 4.80064E-1 5.89739E-1 5.89739E-1 5.88829E-1 3.78478E-1 3.76214E-1 3.79755E-1 3.77658E-1 4.73878E-1 2.46679E-1 2.46858E-1 2.47193E-1 2.47193E-1 2.49268E-1 1.30778E-1 5.87174E-2 1.31061E-1 1.30649E-1 2.54231E-1 2.5446E-1 2.54656E-1 2.54707E-1 3.78923E-1 2.82608E-1 4.23169E-1 4.23169E-1 5.30984E-1 4.96746E-1 5.94352E-1 6.29277E-1 -9999 -9999 -9999
-9999 -9999 -9999 -9999 -9999 -9999 -9999 -9999 6.14796E-5 6.14796E-5 2.05655E-4 5.35958E-4 1.51777E-3 1.52112E-3 9.49484E-3 2.445E-2 2.74474E-2 2.56118E-2 5.44034E-2 5.61374E-2 1.10111E-1 1.17586E-1 2.23072E-1 2.07362E-1 1.98804E-1 2.44151E-1 3.86623E-1 3.86128E-1 3.78115E-1 3.80583E-1 4.83243E-1 3.80286E-1 4.913E-1 4.90432E-1 4.97272E-1 5.87464E-1 5.87464E-1 5.8947E-1 5.88288E-1 3.78309E-1 3.79767E-1 3.79755E-1 4.72215E-1 4.69958E-1 3.76863E-1 3.78197E-1 1.31795E-1 2.51423E-1 2.50188E-1 2.50217E-1 1.31082E-1 1.31309E-1 1.31156E-1 1.31156E-1 2.54425E-1 3.84112E-1 3.83469E-1 3.85456E-1 5.2182E-1 4.29352E-1 5.92981E-1 5.89739E-1 5.90521E-1 6.3529E-1 -9999 -9999 -9999 -9999
-9999 -9999 -9999 -9999 -9999 -9999 -9999 -9999 6.21114E-5 2.09944E-4 6.14989E-4 5.38056E-4 1.47145E-3 1.50363E-3 9.46054E-3 2.43907E-2 2.21613E-2 2.25096E-2 5.45957E-2 5.51417E-2 5.21574E-2 1.29104E-1 2.39042E-1 2.31689E-1 3.57922E-1 3.93913E-1 2.529E-1 3.88575E-1 3.85211E-1 4.84237E-1 4.84818E-1 4.89521E-1 4.88433E-1 4.8892E-1 4.88128E-1 4.94145E-1 5.87016E-1 5.85957E-1 4.60869E-1 3.75805E-1 3.74531E-1 3.7465E-1 3.74838E-1 4.80821E-1 4.66926E-1 3.77932E-1 3.77153E-1 2.49591E-1 2.51134E-1 2.49199E-1 1.53826E-1 1.5858E-1 1.33092E-1 3.77654E-1 3.77654E-1 3.83591E-1 3.83596E-1 4.99765E-1 5.22056E-1 6.09434E-1 6.09434E-1 5.90641E-1 6.47111E-1 -9999 -9999 -9999 -9999 -9999
-9999 -9999 -9999 -9999 -9999 -9999 -9999 -9999 2.00605E-4 2.00605E-4 7.26158E-4 5.38056E-4 1.48995E-3 3.63335E-3 3.75208E-3 8.97451E-3 2.27039E-2 5.29684E-2 5.08089E-2 5.25561E-2 4.92068E-2 1.13824E-1 2.28752E-1 2.36232E-1 3.80094E-1 2.556E-1 3.89509E-1 3.89091E-1 3.81385E-1 3.81385E-1 4.87727E-1 4.84765E-1 4.85792E-1 4.87788E-1 5.86041E-1 5.89739E-1 5.85616E-1 5.86269E-1 4.61721E-1 3.67957E-1 3.74531E-1 3.73737E-1 3.75038E-1 4.76639E-1 4.62872E-1 4.61455E-1 3.77153E-1 3.78132E-1 3.77311E-1 2.47904E-1 3.79798E-1 2.79945E-1 4.21122E-1 4.21122E-1 3.8857E-1 3.86182E-1 5.01784E-1 5.13745E-1 5.25229E-1 6.09589E-1 6.47111E-1 -9999 -9999 -9999 -9999 -9999 -9999 -9999
1.62081E-5 1.62191E-5 3.97826E-6 1.66447E-5 3.96749E-6 5.69192E-5 5.69192E-5 6.87314E-4 6.68589E-4 6.58822E-4 1.79691E-3 1.3364E-3 1.40602E-3 3.5745E-3 3.75208E-3 3.74655E-3 9.39821E-3 2.19607E-2 2.39487E-2 5.63043E-2 1.16319E-1 1.16319E-1 2.37146E-1 3.37022E-1 3.77585E-1 3.88995E-1 3.8915E-1 3.88894E-1 3.88332E-1 4.87996E-1 4.86048E-1 4.85137E-1 4.85137E-1 4.84554E-1 4.86482E-1 5.89739E-1 5.89739E-1 5.8608E-1 3.6198E-1 3.67957E-1 3.73231E-1 3.76079E-1 3.75133E-1 4.71988E-1 4.61037E-1 4.71855E-1 4.71855E-1 3.76524E-1 3.76922E-1 3.81124E-1 4.06488E-1 2.79945E-1 4.07081E-1 3.88125E-1 3.88554E-1 5.16192E-1 4.96861E-1 5.01463E-1 6.19769E-1 6.19769E-1 -9999 -9999 -9999 -9999 -9999 -9999 -9999 -9999
-9999 6.63228E-5 4.12189E-6 1.66454E-5 1.66608E-5 5.54836E-5 4.64657E-4 4.64129E-4 1.41871E-3 6.53082E-4 1.64439E-3 1.3364E-3 1.33279E-3 3.15901E-3 3.16856E-3 8.00227E-3 9.43808E-3 2.39796E-2 2.39796E-2 5.75134E-2 5.93077E-2 1.23241E-1 2.40341E-1 2.59128E-1 3.77585E-1 3.88984E-1 3.88868E-1 3.84381E-1 3.82638E-1 3.80764E-1 3.75186E-1 3.75186E-1 4.8461E-1 4.84235E-1 5.89739E-1 5.89739E-1 5.89739E-1 3.73668E-1 3.73269E-1 3.7273E-1 3.75721E-1 4.63679E-1 4.68885E-1 4.66262E-1 4.7474E-1 4.69402E-1 3.75386E-1 3.73623E-1 4.10163E-1 4.12134E-1 4.06488E-1 3.81931E-1 3.84299E-1 3.88262E-1 3.8851E-1 3.88259E-1 5.45413E-1 6.07906E-1 6.07906E-1 6.47111E-1 -9999 -9999 -9999 -9999 -9999 -9999 -9999 -9999
-9999 -9999 4.13682E-6 1.64183E-5 9.90521E-7 1.69171E-5 1.76804E-4 4.81662E-4 1.32651E-3 1.61746E-3 1.62747E-3 1.62769E-3 1.48579E-3 1.41668E-3 3.06697E-3 3.06697E-3 9.43808E-3 2.43135E-2 2.43058E-2 5.371E-2 1.15608E-1 1.23241E-1 3.7732E-1 3.81365E-1 3.89121E-1 4.94185E-1 4.8723E-1 4.94005E-1 4.94005E-1 4.86966E-1 4.83527E-1 3.74702E-1 4.84407E-1 5.87937E-1 5.89561E-1 4.96648E-1 4.96648E-1 3.74184E-1 3.73421E-1 3.72915E-1 4.59335E-1 4.59335E-1 4.59335E-1 4.59988E-1 4.59335E-1 3.6845E-1 4.60649E-1 4.69201E-1 3.73388E-1 5.16733E-1 4.88767E-1 4.88767E-1 4.89567E-1 3.88011E-1 5.00052E-1 5.27097E-1 5.45413E-1 5.55414E-1 6.11756E-1 -9999 -9999 -9999 -9999 -9999 -9999 -9999 -9999 -9999
-9999 -9999 -9999 -9999 5.39552E-5 1.68573E-5 1.8302E-4 5.85641E-5 4.84563E-4 4.94061E-4 4.73813E-4 1.2605E-3 1.36182E-3 1.41668E-3 3.56857E-3 3.96491E-3 9.49029E-3 9.50706E-3 2.42682E-2 5.27269E-2 5.40902E-2 2.03725E-1 3.15425E-1 3.46524E-1 3.88894E-1 4.88914E-1 4.8723E-1 4.75516E-1 3.78263E-1 4.86778E-1 4.79755E-1 5.87017E-1 5.87853E-1 4.847E-1 6.21012E-1 6.21012E-1 5.79612E-1 4.61509E-1 4.64492E-1 4.64492E-1 4.59335E-1 6.04134E-1 5.15419E-1 5.15741E-1 4.70841E-1 5.86915E-1 5.93192E-1 5.05368E-1 6.08515E-1 6.04047E-1 6.17149E-1 4.68016E-1 4.82398E-1 4.78077E-1 4.81765E-1 4.82886E-1 6.13537E-1 6.13537E-1 6.53824E-1 -9999 -9999 -9999 -9999 -9999 -9999 -9999 -9999 -9999
-9999 -9999 -9999 -9999 -9999 5.95529E-5 4.1129E-6 4.08709E-6 4.07648E-6 5.78843E-5 1.82277E-4 1.2704E-3 3.48546E-3 8.72886E-3 3.60457E-3 3.98316E-3 9.42915E-3 1.01731E-2 1.00764E-2 5.98699E-2 6.20292E-2 1.13224E-1 1.79502E-1 3.46524E-1 4.89332E-1 4.93862E-1 4.65267E-1 4.71014E-1 5.87105E-1 5.7855E-1 6.0599E-1 6.18848E-1 6.18848E-1 5.85962E-1 6.21998E-1 6.18984E-1 6.18984E-1 5.99188E-1 5.99188E-1 5.89739E-1 6.03631E-1 -9999 6.47297E-1 -9999 -9999 -9999 -9999 -9999 6.08515E-1 6.07628E-1 5.46319E-1 5.85023E-1 5.89267E-1 5.80986E-1 5.83483E-1 5.27975E-1 6.10977E-1 6.12407E-1 6.47111E-1 -9999 -9999 -9999 -9999 -9999 -9999 -9999 -9999 -9999
-9999 -9999 -9999 -9999 -9999 1.66288E-5 5.58087E-5 4.0465E-6 4.04913E-6 -9999 -9999 -9999 2.08597E-2 2.03791E-2 9.40739E-3 3.94759E-3 3.90672E-3 9.86213E-3 1.00188E-2 2.52869E-2 1.18821E-1 3.24496E-1 3.30341E-1 3.35085E-1 4.89332E-1 4.67923E-1 5.81144E-1 6.1653E-1 6.47111E-1 6.37636E-1 6.0599E-1 6.31569E-1 6.31749E-1 6.06798E-1 6.25317E-1 6.25317E-1 6.22098E-1 6.09092E-1 5.96128E-1 6.1907E-1 -9999 -9999 -9999 -9999 -9999 -9999 -9999 -9999 -9999 -9999 6.37489E-1 6.47111E-1 -9999 -9999 5.82602E-1 6.11065E-1 6.12407E-1 5.39805E-1 6.05551E-1 6.47111E-1 -9999 -9999 -9999 -9999 -9999 -9999 -9999 -9999
-9999 -9999 -9999 -9999 -9999 -9999 5.67594E-5 5.3563E-5 1.30868E-3 -9999 -9999 -9999 -9999 2.16972E-2 4.44406E-2 9.21657E-3 2.29216E-2 4.46155E-2 4.87071E-2 1.26338E-1 2.18775E-1 3.24496E-1 3.48915E-1 4.59335E-1 5.79294E-1 5.76912E-1 5.76228E-1 6.1653E-1 -9999 -9999 -9999 -9999 -9999 -9999 -9999 6.29019E-1 6.29019E-1 6.25919E-1 6.22526E-1 6.26189E-1 6.26189E-1 -9999 -9999 -9999 -9999 -9999 -9999 -9999 -9999 -9999 -9999 -9999 -9999 -9999 -9999 6.12272E-1 6.12633E-1 6.13729E-1 6.47111E-1 6.47111E-1 -9999 -9999 -9999 -9999 -9999 -9999 -9999 -9999
-9999 -9999 -9999 -9999 -9999 -9999 -9999 -9999 -9999 -9999 -9999 -9999 -9999 -9999 8.27356E-2 8.80744E-2 1.69537E-1 1.69537E-1 1.17694E-1 2.16388E-1 3.33382E-1 3.4827E-1 4.59335E-1 4.59335E-1 5.79294E-1 6.20664E-1 6.23906E-1 -9999 -9999 -9999 -9999 -9999 -9999 -9999 -9999 -9999 -9999 -9999 -9999 -9999 -9999 -9999 -9999 -9999 -9999 -9999 -9999 -9999 -9999 -9999 -9999 -9999 -9999 -9999 -9999 -9999 6.06126E-1 6.17194E-1 6.00165E-1 6.47111E-1 -9999 -9999 -9999 -9999 -9999 -9999 -9999 -9999
-9999 -9999 -9999 -9999 -9999 -9999 -9999 -9999 -9999 -9999 -9999 -9999 -9999 -9999 -9999 9.24275E-2 1.60199E-1 1.75322E-1 3.1113E-1 4.59335E-1 4.59335E-1 3.4827E-1 5.89739E-1 5.84926E-1 -9999 -9999 -9999 -9999 -9999 -9999 -9999 -9999 -9999 -9999 -9999 -9999 -9999 -9999 -9999 -9999 -9999 -9999 -9999 -9999 -9999 -9999 -9999 -9999 -9999 -9999 -9999 -9999 -9999 -9999 -9999 -9999 -9999 6.07448E-1 6.01509E-1 6.03008E-1 6.47111E-1 -9999 -9999 -9999 -9999 -9999 -9999 -9999
-9999 -9999 -9999 -9999 -9999 -9999 -9999 -9999 -9999 -9999 -9999 -9999 -9999 -9999 -9999 -9999 1.60199E-1 1.60199E-1 3.1113E-1 4.59335E-1 4.59335E-1 4.61746E-1 6.25129E-1 -9999 -9999 -9999 -9999 -9999 -9999 -9999 -9999 -9999 -9999 -9999 -9999 -9999 -9999 -9999 -9999 -9999 -9999 -9999 -9999 -9999 -9999 -9999 -9999 -9999 -9999 -9999 -9999 -9999 -9999 -9999 -9999 -9999 6.00573E-1 6.16573E-1 6.01501E-1 6.12147E-1 6.60657E-1 -9999 -9999 -9999 -9999 -9999 -9999 -9999
