Herrick/MaxEnt/G_lasianthus/gorlas_stddev.asc
ncols         74
nrows         38
xllcorner     -106.64565579308
yllcorner     24.396312300244
cellsize      0.427930777738
NODATA_value  -9999
[rows 0 to 29 of 38, columns 0 to 67 of 74]
-9999 -9999 -9999 -9999 -9999 -9999 -9999 -9999 -9999 -9999 -9999 -9999 -9999 -9999 -9999 -9999 -9999 -9999 -9999 -9999 -9999 -9999 -9999 -9999 -9999 -9999 -9999 -9999 -9999 -9999 -9999 -9999 -9999 -9999 -9999 -9999 -9999 -9999 -9999 -9999 -9999 -9999 -9999 -9999 -9999 -9999 -9999 -9999 -9999 -9999 -9999 -9999 -9999 -9999 -9999 -9999 -9999 -9999 -9999 -9999 -9999 -9999 -9999 -9999 -9999 -9999 -9999 -9999
-9999 -9999 -9999 -9999 -9999 -9999 -9999 -9999 -9999 -9999 -9999 -9999 -9999 -9999 -9999 -9999 -9999 -9999 -9999 -9999 -9999 -9999 -9999 -9999 -9999 -9999 -9999 -9999 -9999 -9999 -9999 -9999 -9999 -9999 -9999 -9999 -9999 -9999 -9999 -9999 -9999 -9999 -9999 -9999 -9999 -9999 -9999 -9999 -9999 -9999 -9999 -9999 -9999 -9999 -9999 -9999 -9999 -9999 -9999 -9999 -9999 -9999 -9999 -9999 -9999 -9999 -9999 -9999
-9999 -9999 -9999 -9999 -9999 -9999 -9999 -9999 -9999 -9999 -9999 -9999 -9999 -9999 -9999 -9999 -9999 -9999 -9999 -9999 -9999 -9999 -9999 -9999 -9999 -9999 -9999 -9999 -9999 -9999 -9999 -9999 -9999 -9999 -9999 -9999 -9999 -9999 -9999 -9999 -9999 -9999 -9999 -9999 -9999 -9999 -9999 -9999 -9999 -9999 -9999 -9999 -9999 -9999 -9999 -9999 -9999 -9999 -9999 -9999 2.7784E-2 2.7784E-2 2.7406E-2 1.39448E-2 3.04397E-3 3.04397E-3 2.82568E-2 4.44472E-2
-9999 -9999 -9999 -9999 -9999 -9999 -9999 -9999 -9999 -9999 -9999 -9999 -9999 -9999 -9999 -9999 -9999 -9999 -9999 -9999 -9999 -9999 -9999 -9999 -9999 -9999 -9999 -9999 -9999 -9999 -9999 -9999 -9999 -9999 -9999 -9999 -9999 -9999 -9999 -9999 -9999 -9999 -9999 -9999 -9999 -9999 -9999 -9999 -9999 -9999 -9999 -9999 -9999 -9999 -9999 -9999 -9999 -9999 4.55941E-2 4.51322E-2 4.53713E-2 2.78023E-2 2.77956E-2 6.91139E-3 3.35459E-3 4.63822E-2 4.63822E-2 5.69167E-2
-9999 -9999 -9999 -9999 -9999 -9999 -9999 -9999 -9999 -9999 -9999 -9999 -9999 -9999 -9999 -9999 -9999 -9999 -9999 -9999 -9999 -9999 -9999 -9999 -9999 -9999 -9999 -9999 -9999 -9999 -9999 -9999 -9999 -9999 -9999 -9999 -9999 -9999 -9999 -9999 -9999 -9999 -9999 -9999 -9999 -9999 -9999 -9999 -9999 -9999 6.84201E-2 6.28693E-2 6.28693E-2 -9999 -9999 4.8106E-2 -9999 5.80183E-2 4.54259E-2 4.64223E-2 4.91787E-2 1.49033E-2 1.49033E-2 2.41332E-4 1.56489E-2 1.56489E-2 4.63994E-2 5.97855E-2
-9999 -9999 -9999 -9999 -9999 -9999 -9999 -9999 -9999 -9999 -9999 -9999 -9999 -9999 -9999 -9999 -9999 -9999 -9999 -9999 -9999 -9999 -9999 -9999 -9999 -9999 -9999 -9999 -9999 -9999 -9999 -9999 -9999 -9999 -9999 -9999 -9999 -9999 -9999 -9999 -9999 -9999 -9999 -9999 -9999 -9999 -9999 -9999 -9999 5.08581E-2 5.31221E-2 5.31221E-2 4.78898E-2 4.89491E-2 4.81337E-2 4.74566E-2 6.13342E-2 5.9775E-2 4.53871E-2 4.67363E-2 4.91787E-2 2.45768E-4 2.41332E-4 6.29685E-4 1.51831E-2 1.53722E-2 1.5517E-2 6.36866E-2
-9999 -9999 -9999 -9999 -9999 -9999 -9999 -9999 -9999 -9999 -9999 -9999 -9999 -9999 -9999 -9999 -9999 -9999 -9999 -9999 -9999 -9999 -9999 -9999 -9999 -9999 -9999 -9999 -9999 -9999 -9999 -9999 -9999 -9999 -9999 -9999 -9999 -9999 -9999 -9999 -9999 -9999 -9999 -9999 -9999 -9999 7.61935E-2 6.89582E-2 6.58889E-2 6.93708E-2 4.97376E-2 4.97376E-2 4.92425E-2 5.05214E-2 5.19853E-2 4.94682E-2 4.82562E-2 4.79199E-2 4.64661E-2 7.06321E-3 7.06321E-3 2.45768E-4 3.40886E-3 3.41362E-3 3.41362E-3 1.58601E-2 6.59281E-2 5.22153E-2
-9999 -9999 -9999 -9999 -9999 -9999 -9999 -9999 -9999 -9999 -9999 -9999 -9999 -9999 -9999 -9999 -9999 -9999 -9999 -9999 -9999 -9999 -9999 -9999 -9999 -9999 -9999 -9999 -9999 -9999 -9999 -9999 -9999 -9999 -9999 -9999 -9999 -9999 -9999 -9999 -9999 -9999 -9999 7.86126E-2 8.65536E-2 7.78495E-2 7.81453E-2 7.56777E-2 6.76641E-2 5.20194E-2 5.20194E-2 5.08753E-2 5.20558E-2 5.42879E-2 5.15949E-2 3.00346E-2 2.91737E-2 2.87914E-2 1.42984E-2 1.48215E-3 3.24738E-3 3.38541E-3 7.58254E-3 1.635E-2 4.8998E-2 6.43939E-2 6.41108E-2 5.28088E-2
-9999 -9999 -9999 -9999 -9999 -9999 -9999 -9999 -9999 -9999 -9999 -9999 -9999 -9999 -9999 -9999 -9999 -9999 -9999 -9999 -9999 -9999 -9999 -9999 -9999 -9999 -9999 -9999 -9999 -9999 -9999 -9999 -9999 -9999 -9999 -9999 -9999 -9999 -9999 -9999 -9999 6.72259E-2 7.02114E-2 8.65536E-2 8.39639E-2 8.4886E-2 8.46938E-2 7.03686E-2 6.73402E-2 5.21205E-2 5.05588E-2 5.32817E-2 3.15882E-2 3.19747E-2 3.20392E-2 3.15309E-2 1.53062E-2 3.25495E-3 3.25264E-3 6.19257E-4 3.31099E-3 3.38903E-3 7.50072E-3 5.05002E-2 4.99148E-2 6.23491E-2 6.13009E-2 5.46049E-2
-9999 -9999 -9999 -9999 -9999 -9999 -9999 -9999 -9999 -9999 -9999 -9999 -9999 -9999 -9999 -9999 -9999 -9999 -9999 -9999 -9999 -9999 -9999 -9999 -9999 -9999 -9999 -9999 -9999 -9999 -9999 -9999 -9999 -9999 -9999 -9999 -9999 -9999 -9999 -9999 6.94153E-2 7.30694E-2 7.22172E-2 6.94418E-2 6.86302E-2 6.86302E-2 6.77993E-2 4.91942E-2 5.09598E-2 5.10552E-2 5.35651E-2 5.23931E-2 3.14556E-2 3.07184E-2 7.2844E-3 3.36803E-3 3.32081E-3 3.28885E-3 3.28885E-3 6.19257E-4 1.56938E-3 3.53183E-3 5.31141E-2 6.40712E-2 6.62011E-2 6.40251E-2 7.03774E-2 7.74702E-2
-9999 -9999 -9999 -9999 -9999 -9999 -9999 -9999 1.11681E-5 1.08354E-4 2.71235E-4 2.71235E-4 6.67301E-4 6.56823E-4 1.55793E-3 1.59622E-3 -9999 -9999 -9999 -9999 -9999 -9999 -9999 -9999 -9999 -9999 -9999 -9999 5.67105E-2 3.30354E-2 3.31172E-2 3.35763E-2 5.26783E-2 5.07344E-2 6.45527E-2 4.896E-2 7.39511E-2 7.71054E-2 -9999 -9999 7.19713E-2 6.57399E-2 6.79959E-2 6.94418E-2 7.17287E-2 6.47421E-2 6.24098E-2 7.12802E-2 6.66414E-2 5.10552E-2 3.24451E-2 1.60509E-2 1.54113E-2 2.87125E-2 2.81577E-2 1.43874E-2 1.44125E-2 1.54131E-3 2.63575E-4 1.58864E-3 3.47396E-3 5.10226E-2 5.06421E-2 6.44526E-2 6.45697E-2 6.70566E-2 7.55427E-2 6.90592E-2
-9999 -9999 -9999 -9999 -9999 -9999 -9999 -9999 1.29739E-5 9.59122E-5 1.06606E-4 2.67628E-4 5.79045E-4 1.55797E-3 1.54367E-3 3.51167E-3 -9999 -9999 -9999 -9999 -9999 -9999 -9999 -9999 -9999 -9999 -9999 -9999 3.35326E-2 3.30354E-2 1.81532E-2 8.30222E-3 1.65599E-2 5.38129E-2 5.38129E-2 7.503E-2 7.46481E-2 8.34842E-2 8.96809E-2 8.08805E-2 7.73944E-2 7.42268E-2 6.79959E-2 7.4337E-2 6.95081E-2 5.2125E-2 7.06421E-2 6.51454E-2 5.13876E-2 5.13876E-2 1.59012E-2 1.55354E-2 2.98462E-2 2.82696E-2 2.71188E-2 6.37799E-4 6.45012E-4 2.59017E-4 2.63575E-4 1.56512E-2 4.88253E-2 5.08099E-2 6.41932E-2 6.34735E-2 6.45697E-2 7.9907E-2 8.31117E-2 8.31117E-2
-9999 -9999 -9999 -9999 -9999 -9999 -9999 -9999 1.13635E-4 8.98968E-5 2.34485E-4 2.38615E-4 5.79045E-4 6.40634E-4 1.54367E-3 3.49325E-3 -9999 -9999 -9999 -9999 -9999 -9999 -9999 -9999 -9999 -9999 -9999 -9999 -9999 6.14895E-2 6.54176E-2 3.09907E-2 1.65599E-2 6.34502E-2 6.42314E-2 6.76452E-2 8.12708E-2 8.12708E-2 6.8374E-2 8.02245E-2 8.30349E-2 7.56876E-2 7.44618E-2 6.62507E-2 6.11696E-2 4.86458E-2 4.44888E-2 5.36907E-2 4.49916E-2 1.49119E-2 2.85431E-2 4.67199E-2 1.47445E-2 1.44672E-3 2.50265E-4 2.59356E-4 2.59356E-4 3.07844E-2 3.15289E-2 4.98378E-2 4.9213E-2 6.3387E-2 6.55521E-2 6.80869E-2 7.6287E-2 7.6287E-2 6.02614E-2 5.67031E-2
-9999 -9999 -9999 -9999 -9999 -9999 -9999 -9999 9.04127E-5 3.1823E-5 9.35947E-5 2.33842E-4 2.33308E-4 6.6177E-4 1.56636E-3 3.50173E-3 -9999 -9999 -9999 -9999 -9999 -9999 -9999 -9999 -9999 -9999 -9999 -9999 -9999 6.14895E-2 6.37439E-2 5.84494E-2 5.81075E-2 6.40961E-2 6.42912E-2 6.82282E-2 6.82282E-2 9.16642E-2 6.39293E-2 6.21662E-2 6.26705E-2 6.68586E-2 6.11342E-2 5.76703E-2 4.71765E-2 4.44335E-2 4.7343E-2 4.52332E-2 2.89507E-2 2.88418E-2 2.74442E-2 1.609E-2 1.4946E-2 1.46481E-3 6.08331E-4 2.47479E-4 2.96841E-2 2.90771E-2 4.8073E-2 6.33207E-2 6.45963E-2 5.74065E-2 5.74065E-2 6.63923E-2 7.59534E-2 8.02631E-2 8.02631E-2 4.05786E-2
-9999 -9999 -9999 -9999 -9999 -9999 -9999 -9999 3.23213E-5 1.04955E-4 1.05645E-4 2.58827E-4 6.09902E-4 1.47322E-3 1.56636E-3 7.54536E-3 -9999 -9999 -9999 -9999 -9999 -9999 -9999 -9999 -9999 -9999 -9999 -9999 5.42847E-2 3.19801E-2 5.09747E-2 4.76005E-2 5.8518E-2 6.04253E-2 5.59495E-2 5.7988E-2 6.06588E-2 6.0823E-2 6.2954E-2 6.24189E-2 6.3128E-2 6.19948E-2 5.76703E-2 5.75073E-2 4.58671E-2 4.49261E-2 5.92499E-2 4.56855E-2 2.86753E-2 1.52515E-2 2.97125E-2 2.93967E-2 3.39206E-3 1.52106E-2 1.51735E-2 4.70419E-2 2.96841E-2 4.74733E-2 6.28371E-2 6.54387E-2 1.06651E-1 9.87306E-2 9.04225E-2 5.88922E-2 8.74204E-2 8.05492E-2 3.9886E-2 2.74953E-2
-9999 -9999 -9999 -9999 -9999 -9999 -9999 -9999 1.0423E-4 1.0423E-4 2.77144E-4 2.77557E-4 6.53909E-4 1.50322E-3 3.32072E-3 7.14274E-3 1.4634E-2 2.79138E-2 2.90687E-2 4.68625E-2 -9999 -9999 -9999 -9999 -9999 -9999 -9999 -9999 4.93973E-2 4.93973E-2 4.99758E-2 5.04502E-2 5.53214E-2 4.90227E-2 5.54935E-2 5.65353E-2 6.48891E-2 6.0427E-2 6.0427E-2 5.50089E-2 5.53051E-2 5.58893E-2 5.25959E-2 5.36356E-2 5.67697E-2 5.85313E-2 5.79519E-2 4.65265E-2 4.58527E-2 4.61613E-2 4.56809E-2 4.55482E-2 4.33465E-2 4.67957E-2 4.67957E-2 6.03119E-2 5.74144E-2 6.13394E-2 6.4308E-2 5.83286E-2 9.70013E-2 8.64012E-2 3.93334E-2 3.93334E-2 5.3665E-2 4.84769E-2 3.15822E-2 -9999
-9999 -9999 -9999 -9999 -9999 -9999 -9999 -9999 1.08488E-4 1.13054E-4 2.95566E-4 6.84335E-4 6.84335E-4 6.51952E-4 2.96213E-3 1.32967E-2 1.45155E-2 2.78533E-2 2.82253E-2 4.83193E-2 5.10167E-2 5.32402E-2 5.41521E-2 6.49922E-2 6.35068E-2 7.41381E-2 8.21087E-2 7.58629E-2 7.72786E-2 5.25833E-2 5.25662E-2 5.5239E-2 5.53214E-2 4.36052E-2 4.74612E-2 5.80068E-2 4.78428E-2 4.78428E-2 4.92974E-2 5.52897E-2 5.30785E-2 5.31214E-2 5.25959E-2 4.66237E-2 5.39143E-2 5.40821E-2 5.54825E-2 5.54825E-2 5.74619E-2 4.57082E-2 2.83183E-2 4.59261E-2 4.40831E-2 5.87004E-2 5.9026E-2 5.80865E-2 6.01402E-2 5.49386E-2 1.00642E-1 7.40997E-2 7.40997E-2 8.64012E-2 7.52606E-2 3.71962E-2 4.7321E-2 -9999 -9999 -9999
-9999 -9999 -9999 -9999 -9999 -9999 -9999 -9999 1.09424E-4 1.09424E-4 2.95055E-4 6.5243E-4 1.47489E-3 1.47719E-3 6.52008E-3 1.36041E-2 1.47472E-2 1.46869E-2 2.87872E-2 3.0216E-2 5.07457E-2 5.14278E-2 5.79411E-2 5.85788E-2 6.35068E-2 7.42757E-2 7.49709E-2 7.532E-2 7.82336E-2 5.25833E-2 4.10028E-2 5.49277E-2 3.95846E-2 4.22363E-2 4.88882E-2 4.82473E-2 4.82473E-2 4.76769E-2 4.36963E-2 5.40599E-2 5.34713E-2 5.31214E-2 4.93011E-2 4.63032E-2 4.73039E-2 4.67185E-2 4.66163E-2 5.78067E-2 5.75384E-2 5.75338E-2 4.66581E-2 4.63905E-2 4.47371E-2 4.47371E-2 6.09045E-2 5.21882E-2 5.41487E-2 5.3837E-2 6.28939E-2 9.14512E-2 5.38443E-2 1.03896E-1 3.37712E-2 3.04348E-2 -9999 -9999 -9999 -9999
-9999 -9999 -9999 -9999 -9999 -9999 -9999 -9999 1.14593E-4 3.11559E-4 7.14657E-4 5.79225E-4 1.34079E-3 1.45239E-3 6.47354E-3 1.37164E-2 1.49968E-2 1.48974E-2 2.97921E-2 3.04853E-2 3.05612E-2 5.05311E-2 6.44223E-2 5.71984E-2 5.42803E-2 5.46305E-2 8.2768E-2 4.97052E-2 5.16513E-2 4.05094E-2 4.02227E-2 4.053E-2 4.04835E-2 3.41112E-2 3.79782E-2 3.96672E-2 5.03345E-2 6.31193E-2 5.72467E-2 5.35122E-2 5.37755E-2 5.18494E-2 5.33201E-2 4.4372E-2 4.77176E-2 4.82379E-2 5.10178E-2 5.74871E-2 5.81626E-2 5.45803E-2 5.73658E-2 6.588E-2 4.97874E-2 5.13804E-2 5.13804E-2 6.0728E-2 5.20462E-2 3.41411E-2 6.4929E-2 4.85881E-2 4.85881E-2 6.71382E-2 3.29371E-2 -9999 -9999 -9999 -9999 -9999
-9999 -9999 -9999 -9999 -9999 -9999 -9999 -9999 2.94326E-4 2.94326E-4 7.18269E-4 5.79225E-4 1.37223E-3 3.04639E-3 3.03719E-3 6.53004E-3 1.50818E-2 3.02483E-2 3.09769E-2 3.02581E-2 3.07755E-2 4.99745E-2 6.53517E-2 5.70328E-2 5.32125E-2 6.03058E-2 5.25582E-2 5.30418E-2 4.72681E-2 4.72681E-2 3.60324E-2 3.4277E-2 3.34932E-2 3.82588E-2 3.44582E-2 4.12676E-2 4.49206E-2 6.04305E-2 5.81245E-2 5.81377E-2 5.37755E-2 5.6764E-2 5.17373E-2 4.64109E-2 5.1805E-2 5.0549E-2 5.10178E-2 5.15626E-2 5.19546E-2 5.34422E-2 4.99632E-2 7.76421E-2 7.92089E-2 7.92089E-2 5.51933E-2 5.83735E-2 3.19657E-2 3.52273E-2 7.98988E-2 6.0794E-2 2.25738E-2 -9999 -9999 -9999 -9999 -9999 -9999 -9999
3.05969E-5 2.98847E-5 9.10714E-6 3.10997E-5 9.32786E-6 8.78993E-5 8.78993E-5 6.78584E-4 6.80709E-4 6.9942E-4 1.66319E-3 1.3278E-3 1.34472E-3 3.09646E-3 3.03719E-3 3.01809E-3 7.33601E-3 1.50713E-2 1.43438E-2 3.00311E-2 4.88956E-2 4.88956E-2 6.04653E-2 5.49024E-2 5.92398E-2 5.33902E-2 4.76082E-2 4.79099E-2 4.85512E-2 3.07975E-2 3.01652E-2 3.29917E-2 3.29917E-2 3.43123E-2 3.94228E-2 4.13779E-2 4.22588E-2 5.11747E-2 5.66898E-2 5.81377E-2 5.62605E-2 4.61146E-2 4.79401E-2 4.0509E-2 4.74345E-2 4.09749E-2 4.09749E-2 4.87403E-2 4.96077E-2 5.02648E-2 6.37295E-2 7.76421E-2 7.17712E-2 5.09516E-2 5.67366E-2 7.37066E-2 3.62799E-2 3.29766E-2 5.20561E-2 5.20561E-2 -9999 -9999 -9999 -9999 -9999 -9999 -9999 -9999
-9999 1.0826E-4 9.47553E-6 3.06621E-5 3.08301E-5 8.57367E-5 5.42296E-4 5.37613E-4 1.32898E-3 7.44463E-4 1.74456E-3 1.3278E-3 1.31477E-3 2.878E-3 2.92825E-3 6.17442E-3 7.20969E-3 1.50937E-2 1.50937E-2 2.72574E-2 2.65139E-2 4.10302E-2 5.27228E-2 5.54249E-2 5.92398E-2 5.81625E-2 4.70415E-2 4.39015E-2 4.43299E-2 4.43756E-2 4.39316E-2 4.39316E-2 3.10254E-2 3.46298E-2 4.21839E-2 4.14599E-2 4.37782E-2 4.9311E-2 5.07726E-2 5.0947E-2 4.92504E-2 4.35863E-2 4.13659E-2 4.32319E-2 3.80677E-2 4.06461E-2 4.68126E-2 4.72999E-2 5.9248E-2 6.24038E-2 6.37295E-2 5.5858E-2 5.50457E-2 4.92098E-2 4.85024E-2 5.39517E-2 4.88488E-2 2.44206E-2 2.44206E-2 3.17186E-2 -9999 -9999 -9999 -9999 -9999 -9999 -9999 -9999
-9999 -9999 9.44242E-6 2.9814E-5 2.89123E-6 3.12448E-5 2.33884E-4 5.69135E-4 1.32283E-3 1.69229E-3 1.70532E-3 1.71272E-3 1.40621E-3 1.41133E-3 2.88991E-3 2.88991E-3 7.20969E-3 1.47332E-2 1.45123E-2 2.56503E-2 4.13017E-2 4.10302E-2 4.34855E-2 4.55576E-2 4.7299E-2 3.00421E-2 3.00056E-2 2.79448E-2 2.79448E-2 2.90174E-2 3.44017E-2 4.34949E-2 3.3006E-2 3.19935E-2 3.46036E-2 4.38296E-2 4.38296E-2 4.84181E-2 4.93417E-2 4.92718E-2 4.54892E-2 4.98529E-2 4.50799E-2 4.50378E-2 4.85501E-2 4.88021E-2 4.68355E-2 4.16331E-2 4.76859E-2 4.1789E-2 3.13966E-2 3.13966E-2 3.37592E-2 5.18618E-2 3.62033E-2 6.029E-2 4.88488E-2 5.13364E-2 2.43728E-2 -9999 -9999 -9999 -9999 -9999 -9999 -9999 -9999 -9999
-9999 -9999 -9999 -9999 8.60248E-5 3.0171E-5 2.34032E-4 9.13926E-5 5.64043E-4 5.70693E-4 5.71048E-4 1.36079E-3 1.38631E-3 1.41133E-3 3.19231E-3 3.08707E-3 6.51562E-3 6.53102E-3 1.44282E-2 2.79576E-2 2.78877E-2 5.41004E-2 5.22431E-2 5.6613E-2 4.37006E-2 3.03926E-2 3.00056E-2 3.60482E-2 4.47937E-2 3.04181E-2 3.60683E-2 4.68446E-2 3.26287E-2 3.17767E-2 5.04631E-2 5.04631E-2 5.03239E-2 4.50448E-2 4.38372E-2 4.38372E-2 4.54892E-2 1.98345E-2 3.33551E-2 3.51485E-2 5.18037E-2 6.11478E-2 1.622E-2 2.84004E-2 2.51987E-2 2.39561E-2 2.55126E-2 4.08445E-2 3.71244E-2 3.47132E-2 3.64068E-2 2.83519E-2 2.32028E-2 2.32028E-2 1.8046E-2 -9999 -9999 -9999 -9999 -9999 -9999 -9999 -9999 -9999
-9999 -9999 -9999 -9999 -9999 8.75749E-5 9.45612E-6 9.84421E-6 9.71783E-6 8.92018E-5 2.38766E-4 1.34883E-3 3.035E-3 6.6632E-3 3.18749E-3 3.08301E-3 6.48744E-3 6.67931E-3 7.28783E-3 2.91074E-2 2.90242E-2 4.33827E-2 6.27563E-2 5.6613E-2 2.93624E-2 2.78831E-2 4.07106E-2 4.04309E-2 4.10144E-2 3.78441E-2 6.28592E-2 5.78203E-2 5.78203E-2 3.63454E-2 5.12431E-2 5.72457E-2 5.72457E-2 6.01127E-2 6.01127E-2 2.47926E-2 2.18407E-2 -9999 1.51479E-2 -9999 -9999 -9999 -9999 -9999 2.51987E-2 2.38144E-2 4.11864E-2 5.11432E-2 5.08771E-2 4.32438E-2 5.01196E-2 3.42918E-2 2.0835E-2 2.23504E-2 2.11686E-2 -9999 -9999 -9999 -9999 -9999 -9999 -9999 -9999 -9999
-9999 -9999 -9999 -9999 -9999 3.01426E-5 8.73943E-5 9.44779E-6 9.65488E-6 -9999 -9999 -9999 1.38166E-2 1.43163E-2 6.93153E-3 3.07435E-3 3.11291E-3 6.63688E-3 7.308E-3 1.4962E-2 4.70967E-2 6.19579E-2 5.75925E-2 5.04382E-2 2.93624E-2 3.3684E-2 4.48501E-2 5.28655E-2 1.04169E-2 2.39541E-2 6.28592E-2 2.15445E-2 1.69556E-2 5.58852E-2 3.15297E-2 3.15297E-2 2.19259E-2 5.51009E-2 5.71751E-2 3.77011E-2 -9999 -9999 -9999 -9999 -9999 -9999 -9999 -9999 -9999 -9999 2.92926E-2 1.87737E-2 -9999 -9999 5.02304E-2 2.10267E-2 2.23504E-2 5.15742E-2 2.80962E-2 2.66287E-2 -9999 -9999 -9999 -9999 -9999 -9999 -9999 -9999
-9999 -9999 -9999 -9999 -9999 -9999 8.81782E-5 8.55579E-5 1.3104E-3 -9999 -9999 -9999 -9999 1.4684E-2 2.94298E-2 6.98678E-3 1.42579E-2 2.76712E-2 2.71836E-2 4.63382E-2 5.80679E-2 6.19579E-2 5.30997E-2 3.84786E-2 4.03743E-2 3.8855E-2 3.41055E-2 5.28655E-2 -9999 -9999 -9999 -9999 -9999 -9999 -9999 3.22243E-2 3.22243E-2 2.93177E-2 3.27426E-2 3.17462E-2 3.17462E-2 -9999 -9999 -9999 -9999 -9999 -9999 -9999 -9999 -9999 -9999 -9999 -9999 -9999 -9999 2.18775E-2 2.24325E-2 3.84338E-2 2.58147E-2 2.73593E-2 -9999 -9999 -9999 -9999 -9999 -9999 -9999 -9999
-9999 -9999 -9999 -9999 -9999 -9999 -9999 -9999 -9999 -9999 -9999 -9999 -9999 -9999 5.33066E-2 5.10078E-2 6.61903E-2 6.61903E-2 4.7717E-2 6.03214E-2 5.10011E-2 4.90087E-2 4.49949E-2 4.49949E-2 4.03743E-2 3.66116E-2 5.3396E-2 -9999 -9999 -9999 -9999 -9999 -9999 -9999 -9999 -9999 -9999 -9999 -9999 -9999 -9999 -9999 -9999 -9999 -9999 -9999 -9999 -9999 -9999 -9999 -9999 -9999 -9999 -9999 -9999 -9999 2.79824E-2 3.35704E-2 2.55367E-2 2.85858E-2 -9999 -9999 -9999 -9999 -9999 -9999 -9999 -9999
-9999 -9999 -9999 -9999 -9999 -9999 -9999 -9999 -9999 -9999 -9999 -9999 -9999 -9999 -9999 4.99918E-2 7.53038E-2 6.48182E-2 7.89439E-2 6.42725E-2 6.42725E-2 4.90087E-2 3.8609E-2 3.64486E-2 -9999 -9999 -9999 -9999 -9999 -9999 -9999 -9999 -9999 -9999 -9999 -9999 -9999 -9999 -9999 -9999 -9999 -9999 -9999 -9999 -9999 -9999 -9999 -9999 -9999 -9999 -9999 -9999 -9999 -9999 -9999 -9999 -9999 3.42979E-2 4.06159E-2 3.81327E-2 3.82044E-2 -9999 -9999 -9999 -9999 -9999 -9999 -9999
-9999 -9999 -9999 -9999 -9999 -9999 -9999 -9999 -9999 -9999 -9999 -9999 -9999 -9999 -9999 -9999 7.82757E-2 7.82757E-2 8.31697E-2 7.73745E-2 6.1858E-2 4.65446E-2 3.42613E-2 -9999 -9999 -9999 -9999 -9999 -9999 -9999 -9999 -9999 -9999 -9999 -9999 -9999 -9999 -9999 -9999 -9999 -9999 -9999 -9999 -9999 -9999 -9999 -9999 -9999 -9999 -9999 -9999 -9999 -9999 -9999 -9999 -9999 4.40827E-2 4.24241E-2 3.99746E-2 4.42859E-2 4.23022E-2 -9999 -9999 -9999 -9999 -9999 -9999 -9999
