Herrick/MaxEnt/G_lasianthus/gorlas_G_lasianthus_max.asc
ncols         74
nrows         38
xllcorner     -106.64565579308
yllcorner     24.396312300244
cellsize      0.427930777738
NODATA_value  -9999
[rows 0 to 29 of 38, columns 0 to 67 of 74]
-9999 -9999 -9999 -9999 -9999 -9999 -9999 -9999 -9999 -9999 -9999 -9999 -9999 -9999 -9999 -9999 -9999 -9999 -9999 -9999 -9999 -9999 -9999 -9999 -9999 -9999 -9999 -9999 -9999 -9999 -9999 -9999 -9999 -9999 -9999 -9999 -9999 -9999 -9999 -9999 -9999 -9999 -9999 -9999 -9999 -9999 -9999 -9999 -9999 -9999 -9999 -9999 -9999 -9999 -9999 -9999 -9999 -9999 -9999 -9999 -9999 -9999 -9999 -9999 -9999 -9999 -9999 -9999
-9999 -9999 -9999 -9999 -9999 -9999 -9999 -9999 -9999 -9999 -9999 -9999 -9999 -9999 -9999 -9999 -9999 -9999 -9999 -9999 -9999 -9999 -9999 -9999 -9999 -9999 -9999 -9999 -9999 -9999 -9999 -9999 -9999 -9999 -9999 -9999 -9999 -9999 -9999 -9999 -9999 -9999 -9999 -9999 -9999 -9999 -9999 -9999 -9999 -9999 -9999 -9999 -9999 -9999 -9999 -9999 -9999 -9999 -9999 -9999 -9999 -9999 -9999 -9999 -9999 -9999 -9999 -9999
-9999 -9999 -9999 -9999 -9999 -9999 -9999 -9999 -9999 -9999 -9999 -9999 -9999 -9999 -9999 -9999 -9999 -9999 -9999 -9999 -9999 -9999 -9999 -9999 -9999 -9999 -9999 -9999 -9999 -9999 -9999 -9999 -9999 -9999 -9999 -9999 -9999 -9999 -9999 -9999 -9999 -9999 -9999 -9999 -9999 -9999 -9999 -9999 -9999 -9999 -9999 -9999 -9999 -9999 -9999 -9999 -9999 -9999 -9999 -9999 8.9883E-2 8.9883E-2 8.28997E-2 4.11384E-2 8.3681E-3 8.3681E-3 9.59997E-2 1.78553E-1
-9999 -9999 -9999 -9999 -9999 -9999 -9999 -9999 -9999 -9999 -9999 -9999 -9999 -9999 -9999 -9999 -9999 -9999 -9999 -9999 -9999 -9999 -9999 -9999 -9999 -9999 -9999 -9999 -9999 -9999 -9999 -9999 -9999 -9999 -9999 -9999 -9999 -9999 -9999 -9999 -9999 -9999 -9999 -9999 -9999 -9999 -9999 -9999 -9999 -9999 -9999 -9999 -9999 -9999 -9999 -9999 -9999 -9999 1.7852E-1 1.76942E-1 1.7642E-1 8.93971E-2 8.87848E-2 1.93339E-2 9.00776E-3 1.81601E-1 1.81601E-1 3.11502E-1
-9999 -9999 -9999 -9999 -9999 -9999 -9999 -9999 -9999 -9999 -9999 -9999 -9999 -9999 -9999 -9999 -9999 -9999 -9999 -9999 -9999 -9999 -9999 -9999 -9999 -9999 -9999 -9999 -9999 -9999 -9999 -9999 -9999 -9999 -9999 -9999 -9999 -9999 -9999 -9999 -9999 -9999 -9999 -9999 -9999 -9999 -9999 -9999 -9999 -9999 3.34689E-1 3.29399E-1 3.29399E-1 -9999 -9999 1.93442E-1 -9999 2.98777E-1 1.75946E-1 1.79108E-1 1.87166E-1 4.46029E-2 4.46029E-2 6.36365E-4 4.49216E-2 4.49216E-2 1.82183E-1 3.21486E-1
-9999 -9999 -9999 -9999 -9999 -9999 -9999 -9999 -9999 -9999 -9999 -9999 -9999 -9999 -9999 -9999 -9999 -9999 -9999 -9999 -9999 -9999 -9999 -9999 -9999 -9999 -9999 -9999 -9999 -9999 -9999 -9999 -9999 -9999 -9999 -9999 -9999 -9999 -9999 -9999 -9999 -9999 -9999 -9999 -9999 -9999 -9999 -9999 -9999 2.05394E-1 1.93967E-1 1.93967E-1 1.9101E-1 1.97822E-1 1.9486E-1 1.92109E-1 3.10653E-1 3.02834E-1 1.78695E-1 1.83927E-1 1.87166E-1 6.56581E-4 6.36365E-4 1.66906E-3 4.51998E-2 4.54361E-2 4.86176E-2 4.48866E-1
-9999 -9999 -9999 -9999 -9999 -9999 -9999 -9999 -9999 -9999 -9999 -9999 -9999 -9999 -9999 -9999 -9999 -9999 -9999 -9999 -9999 -9999 -9999 -9999 -9999 -9999 -9999 -9999 -9999 -9999 -9999 -9999 -9999 -9999 -9999 -9999 -9999 -9999 -9999 -9999 -9999 -9999 -9999 -9999 -9999 -9999 4.81276E-1 3.53043E-1 3.41202E-1 3.36915E-1 1.98169E-1 1.98169E-1 1.9296E-1 2.02592E-1 2.08067E-1 2.01942E-1 1.9528E-1 1.93198E-1 1.84865E-1 2.09222E-2 2.09222E-2 6.56581E-4 9.71904E-3 9.29661E-3 9.29661E-3 4.94444E-2 4.3744E-1 5.21398E-1
-9999 -9999 -9999 -9999 -9999 -9999 -9999 -9999 -9999 -9999 -9999 -9999 -9999 -9999 -9999 -9999 -9999 -9999 -9999 -9999 -9999 -9999 -9999 -9999 -9999 -9999 -9999 -9999 -9999 -9999 -9999 -9999 -9999 -9999 -9999 -9999 -9999 -9999 -9999 -9999 -9999 -9999 -9999 4.62923E-1 4.55694E-1 4.81253E-1 3.43388E-1 3.3557E-1 3.40609E-1 2.06084E-1 2.06084E-1 2.00073E-1 2.04279E-1 2.06161E-1 2.0295E-1 9.87886E-2 9.76845E-2 1.0045E-1 4.34751E-2 4.05123E-3 9.09324E-3 9.44942E-3 2.07225E-2 5.00483E-2 1.91677E-1 3.18965E-1 4.36605E-1 5.20031E-1
-9999 -9999 -9999 -9999 -9999 -9999 -9999 -9999 -9999 -9999 -9999 -9999 -9999 -9999 -9999 -9999 -9999 -9999 -9999 -9999 -9999 -9999 -9999 -9999 -9999 -9999 -9999 -9999 -9999 -9999 -9999 -9999 -9999 -9999 -9999 -9999 -9999 -9999 -9999 -9999 -9999 4.55452E-1 4.50773E-1 4.55694E-1 3.38086E-1 4.62499E-1 4.61373E-1 3.38586E-1 3.21081E-1 2.05791E-1 1.93988E-1 2.03046E-1 1.04949E-1 1.06938E-1 1.05337E-1 1.04672E-1 4.60901E-2 8.88751E-3 8.66892E-3 1.56633E-3 9.18593E-3 9.31801E-3 2.05338E-2 1.85762E-1 1.84952E-1 3.03353E-1 4.23823E-1 5.17057E-1
-9999 -9999 -9999 -9999 -9999 -9999 -9999 -9999 -9999 -9999 -9999 -9999 -9999 -9999 -9999 -9999 -9999 -9999 -9999 -9999 -9999 -9999 -9999 -9999 -9999 -9999 -9999 -9999 -9999 -9999 -9999 -9999 -9999 -9999 -9999 -9999 -9999 -9999 -9999 -9999 5.62635E-1 4.51873E-1 4.49619E-1 4.49547E-1 3.26125E-1 3.26125E-1 3.22011E-1 1.812E-1 1.89732E-1 1.80455E-1 1.92911E-1 1.96494E-1 1.02778E-1 1.02021E-1 2.07876E-2 9.31558E-3 9.03476E-3 8.93971E-3 8.93971E-3 1.56633E-3 4.11838E-3 9.58514E-3 1.92929E-1 2.94452E-1 3.07655E-1 4.144E-1 4.17049E-1 5.40708E-1
-9999 -9999 -9999 -9999 -9999 -9999 -9999 -9999 3.44302E-5 3.42053E-4 8.61689E-4 8.61689E-4 2.12732E-3 2.08511E-3 4.98788E-3 5.18559E-3 -9999 -9999 -9999 -9999 -9999 -9999 -9999 -9999 -9999 -9999 -9999 -9999 2.13278E-1 1.05259E-1 1.0671E-1 1.082E-1 1.9538E-1 1.85104E-1 3.19401E-1 1.85349E-1 3.25543E-1 4.41305E-1 -9999 -9999 5.58175E-1 4.41011E-1 4.40354E-1 4.49547E-1 4.36347E-1 3.07371E-1 2.9627E-1 2.93517E-1 3.02255E-1 1.80455E-1 1.00893E-1 4.79245E-2 4.82839E-2 9.04418E-2 8.87739E-2 4.12786E-2 4.1144E-2 4.09411E-3 6.85839E-4 4.24198E-3 9.41882E-3 1.79861E-1 1.75416E-1 2.93365E-1 3.00076E-1 4.16943E-1 4.16126E-1 5.56556E-1
-9999 -9999 -9999 -9999 -9999 -9999 -9999 -9999 4.04865E-5 2.97555E-4 3.36207E-4 8.49598E-4 1.813E-3 5.0309E-3 4.9875E-3 1.15211E-2 -9999 -9999 -9999 -9999 -9999 -9999 -9999 -9999 -9999 -9999 -9999 -9999 1.093E-1 1.05259E-1 5.76124E-2 2.47787E-2 5.17385E-2 2.09719E-1 2.09719E-1 3.39871E-1 4.31531E-1 4.4198E-1 5.57535E-1 5.63789E-1 4.66672E-1 4.58025E-1 4.40354E-1 4.30971E-1 4.2966E-1 1.83669E-1 2.89963E-1 2.91374E-1 1.77323E-1 1.77323E-1 4.66246E-2 4.59336E-2 9.38412E-2 9.20479E-2 8.51618E-2 1.5763E-3 1.72455E-3 6.46212E-4 6.85839E-4 4.64694E-2 1.82075E-1 1.77963E-1 3.35175E-1 2.9848E-1 3.00076E-1 4.62817E-1 4.40245E-1 4.40245E-1
-9999 -9999 -9999 -9999 -9999 -9999 -9999 -9999 3.5916E-4 2.76036E-4 7.24712E-4 7.41497E-4 1.813E-3 2.04011E-3 4.9875E-3 1.14466E-2 -9999 -9999 -9999 -9999 -9999 -9999 -9999 -9999 -9999 -9999 -9999 -9999 -9999 3.13076E-1 3.41014E-1 1.0629E-1 5.17385E-2 3.15945E-1 3.1713E-1 3.29527E-1 5.69189E-1 5.69189E-1 5.64119E-1 5.70852E-1 5.78483E-1 4.34582E-1 4.28726E-1 3.05399E-1 3.03309E-1 1.80616E-1 1.69602E-1 1.7583E-1 1.74644E-1 4.48156E-2 9.55076E-2 1.7828E-1 4.51228E-2 4.02653E-3 6.38024E-4 6.44952E-4 6.44952E-4 1.01256E-1 1.0544E-1 1.95205E-1 1.80122E-1 3.1097E-1 3.40704E-1 3.02871E-1 5.39893E-1 5.39893E-1 5.31865E-1 6.11155E-1
-9999 -9999 -9999 -9999 -9999 -9999 -9999 -9999 2.7864E-4 9.69537E-5 2.86771E-4 7.17806E-4 7.12317E-4 2.09526E-3 5.02043E-3 1.13998E-2 -9999 -9999 -9999 -9999 -9999 -9999 -9999 -9999 -9999 -9999 -9999 -9999 -9999 3.13076E-1 3.47245E-1 3.13457E-1 3.11844E-1 3.16168E-1 4.41609E-1 5.61465E-1 5.61465E-1 5.66574E-1 5.60002E-1 4.27976E-1 3.24605E-1 4.54787E-1 4.27436E-1 3.0286E-1 1.80106E-1 1.71767E-1 1.72193E-1 1.72495E-1 9.4238E-2 9.5862E-2 8.97976E-2 4.89669E-2 4.38102E-2 3.95949E-3 1.57774E-3 6.24603E-4 9.85179E-2 9.62978E-2 1.83481E-1 3.02051E-1 3.10385E-1 4.43825E-1 4.43825E-1 2.94397E-1 4.4282E-1 5.77223E-1 5.77223E-1 6.23234E-1
-9999 -9999 -9999 -9999 -9999 -9999 -9999 -9999 9.84303E-5 3.29579E-4 3.30681E-4 8.09695E-4 1.89667E-3 4.67694E-3 5.02043E-3 2.44772E-2 -9999 -9999 -9999 -9999 -9999 -9999 -9999 -9999 -9999 -9999 -9999 -9999 2.19182E-1 1.11326E-1 2.05987E-1 1.9113E-1 3.17994E-1 4.55821E-1 5.38657E-1 5.53808E-1 5.61695E-1 5.54382E-1 5.4808E-1 4.41251E-1 4.40532E-1 3.26316E-1 3.0286E-1 3.05821E-1 1.78799E-1 1.74189E-1 2.93643E-1 1.72454E-1 9.31687E-2 4.54507E-2 9.80283E-2 9.60239E-2 9.18618E-3 4.56779E-2 4.56149E-2 1.82462E-1 9.85179E-2 1.82518E-1 3.10882E-1 3.08861E-1 6.80441E-1 5.01129E-1 7.83546E-1 5.81094E-1 5.75201E-1 6.70358E-1 6.80306E-1 6.38185E-1
-9999 -9999 -9999 -9999 -9999 -9999 -9999 -9999 3.26103E-4 3.26103E-4 8.7066E-4 8.67444E-4 2.02709E-3 4.76289E-3 1.08869E-2 2.38767E-2 5.08377E-2 1.03762E-1 1.08899E-1 2.00861E-1 -9999 -9999 -9999 -9999 -9999 -9999 -9999 -9999 2.04345E-1 2.04345E-1 2.0667E-1 2.09493E-1 4.65519E-1 5.45721E-1 5.46263E-1 5.57279E-1 5.71691E-1 5.52378E-1 5.52378E-1 5.43197E-1 4.44127E-1 4.32632E-1 4.30116E-1 4.29995E-1 3.0573E-1 2.98185E-1 3.0001E-1 1.7175E-1 1.73491E-1 1.76885E-1 1.75667E-1 1.77317E-1 1.67994E-1 1.81804E-1 1.81804E-1 3.04261E-1 2.94515E-1 3.02779E-1 3.16071E-1 4.27075E-1 5.98312E-1 6.83137E-1 6.51303E-1 6.51303E-1 6.88309E-1 6.67045E-1 6.47111E-1 -9999
-9999 -9999 -9999 -9999 -9999 -9999 -9999 -9999 3.39793E-4 3.51708E-4 9.19854E-4 2.06655E-3 2.06655E-3 2.04381E-3 9.59691E-3 4.53569E-2 5.05426E-2 1.02472E-1 1.05136E-1 2.02888E-1 2.10521E-1 2.15585E-1 2.17729E-1 3.29841E-1 3.31778E-1 3.38763E-1 3.79111E-1 4.55018E-1 4.54308E-1 4.46891E-1 4.41416E-1 4.72114E-1 4.65519E-1 5.37546E-1 5.62878E-1 5.63329E-1 6.51371E-1 6.51371E-1 6.25326E-1 4.45621E-1 4.41122E-1 4.45351E-1 4.30116E-1 5.23498E-1 3.02393E-1 2.99193E-1 3.01643E-1 3.01643E-1 2.96462E-1 1.75376E-1 8.95276E-2 1.75447E-1 1.68478E-1 3.03011E-1 3.09852E-1 3.03707E-1 3.04997E-1 4.25444E-1 5.26173E-1 5.48809E-1 5.48809E-1 6.83137E-1 5.25286E-1 6.7919E-1 6.88739E-1 -9999 -9999 -9999
-9999 -9999 -9999 -9999 -9999 -9999 -9999 -9999 3.42347E-4 3.42347E-4 9.26426E-4 2.01917E-3 4.70339E-3 4.74015E-3 2.13441E-2 4.57517E-2 5.02934E-2 5.13956E-2 1.07674E-1 1.12532E-1 2.10317E-1 2.13633E-1 3.14088E-1 3.19443E-1 3.31778E-1 3.22588E-1 4.49863E-1 4.57739E-1 4.58104E-1 4.46891E-1 5.41992E-1 4.82636E-1 5.54357E-1 5.42876E-1 5.90178E-1 6.40246E-1 6.40246E-1 6.33705E-1 6.28572E-1 4.44162E-1 4.41085E-1 4.45351E-1 5.31186E-1 5.30186E-1 4.24668E-1 4.23685E-1 1.86564E-1 3.14016E-1 3.05105E-1 2.9813E-1 1.76086E-1 1.78254E-1 1.77935E-1 1.77935E-1 3.18912E-1 4.16422E-1 4.11354E-1 4.15047E-1 6.75157E-1 5.2543E-1 6.23437E-1 6.13435E-1 6.04803E-1 6.70486E-1 -9999 -9999 -9999 -9999
-9999 -9999 -9999 -9999 -9999 -9999 -9999 -9999 3.61991E-4 9.87886E-4 2.28641E-3 1.808E-3 4.21674E-3 4.60928E-3 2.12464E-2 4.68412E-2 5.27488E-2 5.23963E-2 1.10896E-1 1.13853E-1 1.13814E-1 2.10716E-1 3.32374E-1 3.12109E-1 4.22867E-1 4.29629E-1 3.3547E-1 4.3143E-1 4.55685E-1 5.43297E-1 5.40855E-1 5.47734E-1 5.34323E-1 5.32395E-1 5.37534E-1 5.61069E-1 6.49736E-1 6.23287E-1 5.33527E-1 4.38322E-1 4.38276E-1 4.35866E-1 4.4849E-1 5.26514E-1 5.2481E-1 4.31687E-1 4.35198E-1 3.13643E-1 3.14602E-1 2.97442E-1 2.28085E-1 2.76185E-1 1.94904E-1 4.27383E-1 4.27383E-1 4.60534E-1 4.1155E-1 5.32805E-1 7.00757E-1 7.70933E-1 7.70933E-1 6.17867E-1 7.26764E-1 -9999 -9999 -9999 -9999 -9999
-9999 -9999 -9999 -9999 -9999 -9999 -9999 -9999 9.36405E-4 9.36405E-4 2.29613E-3 1.808E-3 4.36402E-3 9.80735E-3 9.90183E-3 2.18652E-2 5.31439E-2 1.12551E-1 1.14619E-1 1.1329E-1 1.14613E-1 2.11422E-1 3.3826E-1 3.12989E-1 4.40306E-1 3.23317E-1 4.37629E-1 4.54565E-1 4.41702E-1 4.41702E-1 5.35413E-1 5.29047E-1 5.2399E-1 5.27467E-1 6.03886E-1 6.41229E-1 6.54509E-1 6.23983E-1 5.48666E-1 4.44023E-1 4.38276E-1 4.39938E-1 4.3612E-1 5.31453E-1 5.3192E-1 5.31402E-1 4.35198E-1 4.19972E-1 4.16133E-1 2.91819E-1 4.08301E-1 4.11346E-1 5.70228E-1 5.70228E-1 4.45471E-1 4.60335E-1 5.29152E-1 5.58954E-1 7.66101E-1 8.16888E-1 6.98646E-1 -9999 -9999 -9999 -9999 -9999 -9999 -9999
9.36154E-5 9.11275E-5 2.75273E-5 9.57048E-5 2.80417E-5 2.68195E-4 2.68195E-4 2.18538E-3 2.19126E-3 2.25742E-3 5.41059E-3 4.20675E-3 4.25408E-3 1.00529E-2 9.90183E-3 9.83949E-3 2.48508E-2 5.28245E-2 5.03615E-2 1.1082E-1 2.08508E-1 2.08508E-1 3.3223E-1 4.43921E-1 4.63024E-1 4.4662E-1 4.33595E-1 4.31529E-1 4.32432E-1 5.33248E-1 5.32165E-1 5.2542E-1 5.2542E-1 5.30118E-1 5.58223E-1 6.54722E-1 6.58014E-1 6.2558E-1 4.40641E-1 4.44023E-1 4.39705E-1 4.33008E-1 4.38194E-1 5.32037E-1 5.27484E-1 5.31597E-1 5.31597E-1 4.27447E-1 4.29583E-1 4.24346E-1 5.00397E-1 4.11346E-1 5.41446E-1 4.36349E-1 4.53512E-1 7.35257E-1 5.52484E-1 5.46944E-1 7.84629E-1 7.84629E-1 -9999 -9999 -9999 -9999 -9999 -9999 -9999 -9999
-9999 3.42994E-4 2.87501E-5 9.41087E-5 9.45394E-5 2.61004E-4 1.7013E-3 1.67914E-3 4.22666E-3 2.40438E-3 5.6812E-3 4.20675E-3 4.15353E-3 9.20672E-3 9.42169E-3 2.01592E-2 2.44108E-2 5.29832E-2 5.29832E-2 1.02764E-1 1.01167E-1 1.83607E-1 3.09092E-1 3.22123E-1 4.63024E-1 4.95225E-1 4.34515E-1 4.36771E-1 4.39157E-1 4.36152E-1 4.34639E-1 4.34639E-1 5.19037E-1 5.2023E-1 6.5511E-1 6.61337E-1 6.62914E-1 4.35157E-1 4.37446E-1 4.3918E-1 4.32573E-1 5.27211E-1 5.24495E-1 5.35149E-1 5.29609E-1 5.32746E-1 4.33453E-1 4.27596E-1 4.80173E-1 4.95853E-1 5.00397E-1 4.57668E-1 4.55034E-1 4.37531E-1 4.35317E-1 4.51947E-1 6.35459E-1 6.7539E-1 6.7539E-1 7.42264E-1 -9999 -9999 -9999 -9999 -9999 -9999 -9999 -9999
-9999 -9999 2.85448E-5 9.07168E-5 8.76422E-6 9.5983E-5 7.3317E-4 1.80134E-3 4.21599E-3 5.53018E-3 5.5673E-3 5.58842E-3 4.51446E-3 4.53632E-3 9.26827E-3 9.26827E-3 2.44108E-2 5.19715E-2 5.16327E-2 9.85738E-2 1.84352E-1 1.83607E-1 4.37132E-1 4.41082E-1 4.48862E-1 5.23422E-1 5.20837E-1 5.283E-1 5.283E-1 5.24792E-1 5.28007E-1 4.31273E-1 5.25207E-1 6.16596E-1 6.33863E-1 5.84354E-1 5.84354E-1 4.36707E-1 4.35841E-1 4.28556E-1 5.22529E-1 5.29496E-1 5.24769E-1 5.23957E-1 5.25666E-1 4.29109E-1 5.2066E-1 5.17332E-1 4.17918E-1 5.81582E-1 5.35602E-1 5.35602E-1 5.50867E-1 4.68796E-1 5.5644E-1 6.92229E-1 6.35459E-1 6.10644E-1 6.81787E-1 -9999 -9999 -9999 -9999 -9999 -9999 -9999 -9999 -9999
-9999 -9999 -9999 -9999 2.63193E-4 9.17093E-5 7.32654E-4 2.83687E-4 1.78317E-3 1.80775E-3 1.80634E-3 4.35512E-3 4.45321E-3 4.53632E-3 1.04798E-2 1.00769E-2 2.19799E-2 2.19589E-2 5.16505E-2 1.07833E-1 1.07237E-1 3.17487E-1 4.47757E-1 4.71783E-1 4.4121E-1 5.20939E-1 5.20837E-1 5.2706E-1 4.35126E-1 5.27593E-1 5.26757E-1 6.14459E-1 6.24581E-1 5.51699E-1 6.49337E-1 6.49337E-1 6.06893E-1 5.31837E-1 5.24037E-1 5.24037E-1 5.22529E-1 6.57664E-1 5.62342E-1 5.65954E-1 5.33984E-1 6.1934E-1 6.40493E-1 5.50609E-1 6.67322E-1 6.70329E-1 6.83416E-1 5.22471E-1 5.30502E-1 5.22452E-1 5.29167E-1 5.07855E-1 6.77384E-1 6.77384E-1 7.06488E-1 -9999 -9999 -9999 -9999 -9999 -9999 -9999 -9999 -9999
-9999 -9999 -9999 -9999 -9999 2.66256E-4 2.82914E-5 3.00219E-5 2.96131E-5 2.7562E-4 7.48694E-4 4.31862E-3 9.89909E-3 2.23452E-2 1.05051E-2 1.01437E-2 2.18365E-2 2.26818E-2 2.46806E-2 1.10691E-1 1.10906E-1 1.9549E-1 3.38664E-1 4.71783E-1 5.40574E-1 5.14735E-1 5.20812E-1 5.32662E-1 6.05515E-1 6.01765E-1 6.47111E-1 6.47111E-1 6.47111E-1 6.1539E-1 6.47111E-1 6.47111E-1 6.47111E-1 6.47111E-1 6.47111E-1 6.45196E-1 6.59805E-1 -9999 6.93704E-1 -9999 -9999 -9999 -9999 -9999 6.67322E-1 6.64054E-1 5.91939E-1 6.09428E-1 6.13138E-1 6.00238E-1 6.0499E-1 5.79535E-1 6.71309E-1 6.73445E-1 6.94538E-1 -9999 -9999 -9999 -9999 -9999 -9999 -9999 -9999 -9999
-9999 -9999 -9999 -9999 -9999 9.16253E-5 2.68455E-4 2.87094E-5 2.93516E-5 -9999 -9999 -9999 4.71503E-2 4.98659E-2 2.36535E-2 1.01509E-2 1.02198E-2 2.29021E-2 2.47754E-2 5.29223E-2 2.12159E-1 4.56669E-1 4.54945E-1 4.47511E-1 5.40574E-1 5.25073E-1 5.99724E-1 6.47111E-1 6.65351E-1 6.47111E-1 6.47111E-1 6.47111E-1 6.47111E-1 6.47111E-1 6.47111E-1 6.47111E-1 6.47111E-1 6.47111E-1 6.47111E-1 6.47111E-1 -9999 -9999 -9999 -9999 -9999 -9999 -9999 -9999 -9999 -9999 6.67182E-1 6.9914E-1 -9999 -9999 6.07012E-1 6.78244E-1 6.73445E-1 6.15265E-1 6.64342E-1 6.88837E-1 -9999 -9999 -9999 -9999 -9999 -9999 -9999 -9999
-9999 -9999 -9999 -9999 -9999 -9999 2.71198E-4 2.61406E-4 4.17418E-3 -9999 -9999 -9999 -9999 5.08263E-2 1.08938E-1 2.39337E-2 5.12636E-2 1.07765E-1 1.06682E-1 2.08105E-1 3.43677E-1 4.56669E-1 4.47185E-1 5.28626E-1 6.01981E-1 5.92541E-1 5.998E-1 6.47111E-1 -9999 -9999 -9999 -9999 -9999 -9999 -9999 6.47111E-1 6.47111E-1 6.47111E-1 6.47111E-1 6.47111E-1 6.47111E-1 -9999 -9999 -9999 -9999 -9999 -9999 -9999 -9999 -9999 -9999 -9999 -9999 -9999 -9999 6.80487E-1 6.79377E-1 6.9861E-1 7.00416E-1 7.0843E-1 -9999 -9999 -9999 -9999 -9999 -9999 -9999 -9999
-9999 -9999 -9999 -9999 -9999 -9999 -9999 -9999 -9999 -9999 -9999 -9999 -9999 -9999 2.09849E-1 2.06908E-1 3.30844E-1 3.30844E-1 2.11685E-1 3.43662E-1 4.37521E-1 4.40339E-1 5.39227E-1 5.39227E-1 6.01981E-1 6.47111E-1 6.50782E-1 -9999 -9999 -9999 -9999 -9999 -9999 -9999 -9999 -9999 -9999 -9999 -9999 -9999 -9999 -9999 -9999 -9999 -9999 -9999 -9999 -9999 -9999 -9999 -9999 -9999 -9999 -9999 -9999 -9999 6.71866E-1 6.94845E-1 6.63189E-1 7.09073E-1 -9999 -9999 -9999 -9999 -9999 -9999 -9999 -9999
-9999 -9999 -9999 -9999 -9999 -9999 -9999 -9999 -9999 -9999 -9999 -9999 -9999 -9999 -9999 2.00112E-1 3.39498E-1 3.26714E-1 4.50053E-1 5.50632E-1 5.50632E-1 4.40339E-1 6.26333E-1 5.94506E-1 -9999 -9999 -9999 -9999 -9999 -9999 -9999 -9999 -9999 -9999 -9999 -9999 -9999 -9999 -9999 -9999 -9999 -9999 -9999 -9999 -9999 -9999 -9999 -9999 -9999 -9999 -9999 -9999 -9999 -9999 -9999 -9999 -9999 6.80732E-1 6.92363E-1 6.9328E-1 7.37826E-1 -9999 -9999 -9999 -9999 -9999 -9999 -9999
-9999 -9999 -9999 -9999 -9999 -9999 -9999 -9999 -9999 -9999 -9999 -9999 -9999 -9999 -9999 -9999 3.41621E-1 3.41621E-1 4.64686E-1 5.5603E-1 5.49798E-1 5.49669E-1 6.47111E-1 -9999 -9999 -9999 -9999 -9999 -9999 -9999 -9999 -9999 -9999 -9999 -9999 -9999 -9999 -9999 -9999 -9999 -9999 -9999 -9999 -9999 -9999 -9999 -9999 -9999 -9999 -9999 -9999 -9999 -9999 -9999 -9999 -9999 6.7663E-1 7.04607E-1 6.88436E-1 7.08169E-1 7.59296E-1 -9999 -9999 -9999 -9999 -9999 -9999 -9999
