Herrick/MaxEnt/G_lasianthus/gorlas_G_lasianthus_avg.asc
ncols         74
nrows         38
xllcorner     -106.64565579308
yllcorner     24.396312300244
cellsize      0.427930777738
NODATA_value  -9999
[rows 0 to 29 of 38, columns 0 to 67 of 74]
-9999 -9999 -9999 -9999 -9999 -9999 -9999 -9999 -9999 -9999 -9999 -9999 -9999 -9999 -9999 -9999 -9999 -9999 -9999 -9999 -9999 -9999 -9999 -9999 -9999 -9999 -9999 -9999 -9999 -9999 -9999 -9999 -9999 -9999 -9999 -9999 -9999 -9999 -9999 -9999 -9999 -9999 -9999 -9999 -9999 -9999 -9999 -9999 -9999 -9999 -9999 -9999 -9999 -9999 -9999 -9999 -9999 -9999 -9999 -9999 -9999 -9999 -9999 -9999 -9999 -9999 -9999 -9999
-9999 -9999 -9999 -9999 -9999 -9999 -9999 -9999 -9999 -9999 -9999 -9999 -9999 -9999 -9999 -9999 -9999 -9999 -9999 -9999 -9999 -9999 -9999 -9999 -9999 -9999 -9999 -9999 -9999 -9999 -9999 -9999 -9999 -9999 -9999 -9999 -9999 -9999 -9999 -9999 -9999 -9999 -9999 -9999 -9999 -9999 -9999 -9999 -9999 -9999 -9999 -9999 -9999 -9999 -9999 -9999 -9999 -9999 -9999 -9999 -9999 -9999 -9999 -9999 -9999 -9999 -9999 -9999
-9999 -9999 -9999 -9999 -9999 -9999 -9999 -9999 -9999 -9999 -9999 -9999 -9999 -9999 -9999 -9999 -9999 -9999 -9999 -9999 -9999 -9999 -9999 -9999 -9999 -9999 -9999 -9999 -9999 -9999 -9999 -9999 -9999 -9999 -9999 -9999 -9999 -9999 -9999 -9999 -9999 -9999 -9999 -9999 -9999 -9999 -9999 -9999 -9999 -9999 -9999 -9999 -9999 -9999 -9999 -9999 -9999 -9999 -9999 -9999 5.28285E-2 5.28285E-2 4.75242E-2 2.28863E-2 4.0562E-3 4.0562E-3 5.68246E-2 1.20652E-1
-9999 -9999 -9999 -9999 -9999 -9999 -9999 -9999 -9999 -9999 -9999 -9999 -9999 -9999 -9999 -9999 -9999 -9999 -9999 -9999 -9999 -9999 -9999 -9999 -9999 -9999 -9999 -9999 -9999 -9999 -9999 -9999 -9999 -9999 -9999 -9999 -9999 -9999 -9999 -9999 -9999 -9999 -9999 -9999 -9999 -9999 -9999 -9999 -9999 -9999 -9999 -9999 -9999 -9999 -9999 -9999 -9999 -9999 1.15632E-1 1.15776E-1 1.1458E-1 5.25503E-2 5.27737E-2 9.87584E-3 4.53082E-3 1.23711E-1 1.23711E-1 2.30346E-1
-9999 -9999 -9999 -9999 -9999 -9999 -9999 -9999 -9999 -9999 -9999 -9999 -9999 -9999 -9999 -9999 -9999 -9999 -9999 -9999 -9999 -9999 -9999 -9999 -9999 -9999 -9999 -9999 -9999 -9999 -9999 -9999 -9999 -9999 -9999 -9999 -9999 -9999 -9999 -9999 -9999 -9999 -9999 -9999 -9999 -9999 -9999 -9999 -9999 -9999 2.29964E-1 2.2722E-1 2.2722E-1 -9999 -9999 1.20245E-1 -9999 2.18641E-1 1.1448E-1 1.16034E-1 1.17459E-1 2.36184E-2 2.36184E-2 2.70646E-4 2.56436E-2 2.56436E-2 1.2564E-1 2.31155E-1
-9999 -9999 -9999 -9999 -9999 -9999 -9999 -9999 -9999 -9999 -9999 -9999 -9999 -9999 -9999 -9999 -9999 -9999 -9999 -9999 -9999 -9999 -9999 -9999 -9999 -9999 -9999 -9999 -9999 -9999 -9999 -9999 -9999 -9999 -9999 -9999 -9999 -9999 -9999 -9999 -9999 -9999 -9999 -9999 -9999 -9999 -9999 -9999 -9999 1.21155E-1 1.15819E-1 1.15819E-1 1.19648E-1 1.207E-1 1.19544E-1 1.18747E-1 2.19314E-1 2.17936E-1 1.17795E-1 1.18814E-1 1.17459E-1 2.70053E-4 2.70646E-4 7.46313E-4 2.52905E-2 2.58235E-2 2.58142E-2 3.53422E-1
-9999 -9999 -9999 -9999 -9999 -9999 -9999 -9999 -9999 -9999 -9999 -9999 -9999 -9999 -9999 -9999 -9999 -9999 -9999 -9999 -9999 -9999 -9999 -9999 -9999 -9999 -9999 -9999 -9999 -9999 -9999 -9999 -9999 -9999 -9999 -9999 -9999 -9999 -9999 -9999 -9999 -9999 -9999 -9999 -9999 -9999 3.55188E-1 2.30812E-1 2.29207E-1 2.26104E-1 1.2156E-1 1.2156E-1 1.21363E-1 1.22414E-1 1.22326E-1 1.21664E-1 1.20284E-1 1.18157E-1 1.18122E-1 1.03603E-2 1.03603E-2 2.70053E-4 4.53031E-3 4.54471E-3 4.54471E-3 2.62027E-2 3.5476E-1 4.66687E-1
-9999 -9999 -9999 -9999 -9999 -9999 -9999 -9999 -9999 -9999 -9999 -9999 -9999 -9999 -9999 -9999 -9999 -9999 -9999 -9999 -9999 -9999 -9999 -9999 -9999 -9999 -9999 -9999 -9999 -9999 -9999 -9999 -9999 -9999 -9999 -9999 -9999 -9999 -9999 -9999 -9999 -9999 -9999 3.54624E-1 3.5741E-1 3.6155E-1 2.24823E-1 2.20038E-1 2.28436E-1 1.22839E-1 1.22839E-1 1.23586E-1 1.23759E-1 1.22036E-1 1.22417E-1 5.64467E-2 5.47886E-2 5.50378E-2 2.3263E-2 1.83948E-3 4.42175E-3 4.52492E-3 1.1146E-2 2.7095E-2 1.26605E-1 2.32803E-1 3.56895E-1 4.68459E-1
-9999 -9999 -9999 -9999 -9999 -9999 -9999 -9999 -9999 -9999 -9999 -9999 -9999 -9999 -9999 -9999 -9999 -9999 -9999 -9999 -9999 -9999 -9999 -9999 -9999 -9999 -9999 -9999 -9999 -9999 -9999 -9999 -9999 -9999 -9999 -9999 -9999 -9999 -9999 -9999 -9999 3.61096E-1 3.56732E-1 3.5741E-1 2.35666E-1 3.56564E-1 3.50283E-1 2.28768E-1 2.23979E-1 1.22866E-1 1.19638E-1 1.21907E-1 5.71242E-2 5.79377E-2 5.792E-2 5.71903E-2 2.46921E-2 4.34284E-3 4.32993E-3 7.26164E-4 4.47579E-3 4.48136E-3 1.0974E-2 1.26681E-1 1.26261E-1 2.32966E-1 3.55496E-1 4.58009E-1
-9999 -9999 -9999 -9999 -9999 -9999 -9999 -9999 -9999 -9999 -9999 -9999 -9999 -9999 -9999 -9999 -9999 -9999 -9999 -9999 -9999 -9999 -9999 -9999 -9999 -9999 -9999 -9999 -9999 -9999 -9999 -9999 -9999 -9999 -9999 -9999 -9999 -9999 -9999 -9999 4.82539E-1 3.55957E-1 3.5379E-1 3.55637E-1 2.32504E-1 2.32504E-1 2.26656E-1 1.18436E-1 1.19605E-1 1.16443E-1 1.19565E-1 1.20829E-1 5.60553E-2 5.59983E-2 1.04924E-2 4.52021E-3 4.44925E-3 4.40171E-3 4.40171E-3 7.26164E-4 1.92694E-3 4.6697E-3 1.25067E-1 2.26232E-1 2.35242E-1 3.49537E-1 3.46966E-1 4.65806E-1
-9999 -9999 -9999 -9999 -9999 -9999 -9999 -9999 9.60963E-6 9.85841E-5 2.55932E-4 2.55932E-4 6.95503E-4 7.04097E-4 1.81157E-3 1.77006E-3 -9999 -9999 -9999 -9999 -9999 -9999 -9999 -9999 -9999 -9999 -9999 -9999 1.4191E-1 6.45388E-2 6.45743E-2 6.36308E-2 1.31543E-1 1.28451E-1 2.36978E-1 1.24673E-1 2.34145E-1 3.56603E-1 -9999 -9999 4.83928E-1 3.56563E-1 3.53657E-1 3.55637E-1 3.50659E-1 2.27106E-1 2.20813E-1 2.12711E-1 2.19387E-1 1.16443E-1 5.64036E-2 2.40572E-2 2.46175E-2 5.28079E-2 5.35136E-2 2.35951E-2 2.35644E-2 1.92E-3 2.94703E-4 1.96266E-3 4.58401E-3 1.19414E-1 1.20445E-1 2.26247E-1 2.28965E-1 3.50022E-1 3.45676E-1 4.74759E-1
-9999 -9999 -9999 -9999 -9999 -9999 -9999 -9999 1.0903E-5 9.29772E-5 9.76518E-5 2.59986E-4 6.36533E-4 1.73606E-3 1.72179E-3 4.15934E-3 -9999 -9999 -9999 -9999 -9999 -9999 -9999 -9999 -9999 -9999 -9999 -9999 6.64564E-2 6.45388E-2 2.97246E-2 1.2125E-2 2.74145E-2 1.33585E-1 1.33585E-1 2.43011E-1 3.5291E-1 3.54422E-1 4.74323E-1 4.80325E-1 3.74667E-1 3.68595E-1 3.53657E-1 3.45921E-1 3.49565E-1 1.20749E-1 2.11553E-1 2.16745E-1 1.1415E-1 1.1415E-1 2.41264E-2 2.35101E-2 5.23775E-2 5.31342E-2 5.24509E-2 7.40706E-4 7.51629E-4 2.9135E-4 2.94703E-4 2.55867E-2 1.23436E-1 1.22159E-1 2.27305E-1 2.28065E-1 2.28965E-1 3.66132E-1 3.60032E-1 3.60032E-1
-9999 -9999 -9999 -9999 -9999 -9999 -9999 -9999 1.10405E-4 8.78512E-5 2.43788E-4 2.44496E-4 6.36533E-4 6.91678E-4 1.72179E-3 4.31757E-3 -9999 -9999 -9999 -9999 -9999 -9999 -9999 -9999 -9999 -9999 -9999 -9999 -9999 2.36368E-1 2.42183E-1 6.12499E-2 2.74145E-2 2.29369E-1 2.31841E-1 2.40328E-1 4.76894E-1 4.76894E-1 4.76326E-1 4.82032E-1 4.80992E-1 3.41886E-1 3.38551E-1 2.23311E-1 2.27475E-1 1.22151E-1 1.16016E-1 1.13201E-1 1.18529E-1 2.48928E-2 5.65085E-2 1.14742E-1 2.42356E-2 1.82004E-3 2.83685E-4 2.87376E-4 2.87376E-4 5.8655E-2 6.0356E-2 1.2006E-1 1.24865E-1 2.35808E-1 2.29256E-1 2.27481E-1 4.72513E-1 4.72513E-1 4.76972E-1 5.6579E-1
-9999 -9999 -9999 -9999 -9999 -9999 -9999 -9999 8.73419E-5 2.97567E-5 9.36217E-5 2.47756E-4 2.50908E-4 7.33378E-4 1.85479E-3 4.49006E-3 -9999 -9999 -9999 -9999 -9999 -9999 -9999 -9999 -9999 -9999 -9999 -9999 -9999 2.36368E-1 2.47218E-1 2.36139E-1 2.35319E-1 2.31745E-1 3.55875E-1 4.66859E-1 4.66859E-1 4.64549E-1 4.70422E-1 3.55361E-1 2.34567E-1 3.65207E-1 3.46562E-1 2.25513E-1 1.1966E-1 1.16661E-1 1.15048E-1 1.17523E-1 5.70471E-2 5.67457E-2 5.42534E-2 2.56357E-2 2.40297E-2 1.83872E-3 7.17757E-4 2.75791E-4 5.68458E-2 5.65682E-2 1.21797E-1 2.3351E-1 2.35578E-1 3.7283E-1 3.7283E-1 2.22787E-1 3.59425E-1 4.78727E-1 4.78727E-1 5.7467E-1
-9999 -9999 -9999 -9999 -9999 -9999 -9999 -9999 3.05627E-5 1.0102E-4 1.02546E-4 2.75398E-4 7.17089E-4 1.81056E-3 1.85479E-3 1.14106E-2 -9999 -9999 -9999 -9999 -9999 -9999 -9999 -9999 -9999 -9999 -9999 -9999 1.36303E-1 6.22539E-2 1.29979E-1 1.2774E-1 2.36675E-1 3.64553E-1 4.67917E-1 4.70295E-1 4.70848E-1 4.66254E-1 4.60083E-1 3.53297E-1 3.5322E-1 2.34192E-1 2.25513E-1 2.27414E-1 1.1988E-1 1.165E-1 2.16216E-1 1.17196E-1 5.59291E-2 2.47833E-2 5.73122E-2 5.62938E-2 4.5732E-3 2.52111E-2 2.45778E-2 1.22102E-1 5.68458E-2 1.23254E-1 2.37318E-1 2.35651E-1 4.23316E-1 2.79479E-1 5.38129E-1 4.8675E-1 4.79213E-1 5.75393E-1 5.94174E-1 5.93493E-1
-9999 -9999 -9999 -9999 -9999 -9999 -9999 -9999 1.02521E-4 1.02521E-4 2.91139E-4 2.96111E-4 7.70502E-4 1.88462E-3 4.33557E-3 1.03822E-2 2.46703E-2 5.51844E-2 5.58175E-2 1.17077E-1 -9999 -9999 -9999 -9999 -9999 -9999 -9999 -9999 1.30802E-1 1.30802E-1 1.30947E-1 1.32243E-1 3.71517E-1 4.72679E-1 4.69262E-1 4.73063E-1 4.78451E-1 4.65164E-1 4.65164E-1 4.65497E-1 3.58983E-1 3.49925E-1 3.53131E-1 3.52735E-1 2.28972E-1 2.20104E-1 2.2108E-1 1.17901E-1 1.20055E-1 1.19266E-1 1.19548E-1 1.20208E-1 1.17275E-1 1.23785E-1 1.23785E-1 2.33537E-1 2.27541E-1 2.35337E-1 2.38539E-1 3.52801E-1 4.03813E-1 5.21659E-1 5.85431E-1 5.85431E-1 5.85716E-1 5.8754E-1 6.14799E-1 -9999
-9999 -9999 -9999 -9999 -9999 -9999 -9999 -9999 1.10663E-4 1.16859E-4 3.28289E-4 8.26775E-4 8.26775E-4 7.4675E-4 3.95626E-3 2.30429E-2 2.42675E-2 5.38607E-2 5.32807E-2 1.13712E-1 1.14332E-1 1.14483E-1 1.13316E-1 2.12225E-1 2.18392E-1 2.20887E-1 2.43159E-1 3.53306E-1 3.52664E-1 3.68095E-1 3.64223E-1 3.76367E-1 3.71517E-1 4.73714E-1 4.80252E-1 4.71862E-1 5.78326E-1 5.78326E-1 5.66421E-1 3.62733E-1 3.60095E-1 3.64252E-1 3.53131E-1 4.60988E-1 2.30475E-1 2.24964E-1 2.2646E-1 2.2646E-1 2.26607E-1 1.20943E-1 5.74253E-2 1.21424E-1 1.18539E-1 2.36852E-1 2.37137E-1 2.3799E-1 2.39021E-1 3.55121E-1 2.84448E-1 4.08717E-1 4.08717E-1 5.21659E-1 4.64496E-1 5.95967E-1 6.16769E-1 -9999 -9999 -9999
-9999 -9999 -9999 -9999 -9999 -9999 -9999 -9999 1.11545E-4 1.11545E-4 3.21151E-4 7.66189E-4 1.81099E-3 1.76984E-3 9.5311E-3 2.28486E-2 2.49539E-2 2.37872E-2 5.33677E-2 5.55395E-2 1.15005E-1 1.19117E-1 2.2041E-1 2.18386E-1 2.18392E-1 2.23443E-1 3.61969E-1 3.64962E-1 3.54307E-1 3.68095E-1 4.7838E-1 3.82603E-1 4.85651E-1 4.78782E-1 4.94985E-1 5.68096E-1 5.68096E-1 5.69972E-1 5.70355E-1 3.62135E-1 3.61101E-1 3.64252E-1 4.62025E-1 4.63603E-1 3.5808E-1 3.58005E-1 1.24873E-1 2.32494E-1 2.29354E-1 2.29405E-1 1.23257E-1 1.22965E-1 1.20013E-1 1.20013E-1 2.37213E-1 3.55204E-1 3.55562E-1 3.57041E-1 5.27488E-1 3.93906E-1 5.76399E-1 5.37225E-1 5.78138E-1 6.25411E-1 -9999 -9999 -9999 -9999
-9999 -9999 -9999 -9999 -9999 -9999 -9999 -9999 1.11603E-4 3.27083E-4 8.07433E-4 6.56974E-4 1.6586E-3 1.80885E-3 9.50692E-3 2.25666E-2 2.28659E-2 2.30472E-2 5.42117E-2 5.54368E-2 5.45679E-2 1.23159E-1 2.29871E-1 2.23895E-1 3.50166E-1 3.73689E-1 2.4007E-1 3.71817E-1 3.76508E-1 4.78804E-1 4.78486E-1 4.81326E-1 4.75653E-1 4.80125E-1 4.78495E-1 4.86523E-1 5.70016E-1 5.49023E-1 4.54718E-1 3.56689E-1 3.5566E-1 3.56612E-1 3.63536E-1 4.64785E-1 4.58603E-1 3.59537E-1 3.57905E-1 2.3292E-1 2.33795E-1 2.31376E-1 1.43157E-1 1.50784E-1 1.28387E-1 3.58174E-1 3.58174E-1 3.67125E-1 3.57713E-1 4.87884E-1 5.3485E-1 6.31655E-1 6.31655E-1 5.68514E-1 6.46836E-1 -9999 -9999 -9999 -9999 -9999
-9999 -9999 -9999 -9999 -9999 -9999 -9999 -9999 3.06054E-4 3.06054E-4 8.15107E-4 6.56974E-4 1.62833E-3 3.92504E-3 3.8908E-3 9.28644E-3 2.31949E-2 5.37316E-2 5.37046E-2 5.44666E-2 5.37691E-2 1.17477E-1 2.26779E-1 2.25193E-1 3.62581E-1 2.46684E-1 3.68218E-1 3.83091E-1 3.71874E-1 3.71874E-1 4.79165E-1 4.76483E-1 4.75328E-1 4.75109E-1 5.68593E-1 5.78567E-1 5.76972E-1 5.51946E-1 4.61784E-1 3.52378E-1 3.5566E-1 3.53592E-1 3.58034E-1 4.65829E-1 4.58368E-1 4.59321E-1 3.57905E-1 3.48947E-1 3.46161E-1 2.24937E-1 3.4868E-1 2.6848E-1 4.10251E-1 4.10251E-1 3.75642E-1 3.74595E-1 4.92719E-1 5.0506E-1 5.48843E-1 6.39611E-1 6.50026E-1 -9999 -9999 -9999 -9999 -9999 -9999 -9999
2.79006E-5 2.71232E-5 7.8236E-6 2.72242E-5 8.37136E-6 8.88598E-5 8.88598E-5 7.60655E-4 7.61199E-4 7.6601E-4 1.95818E-3 1.57002E-3 1.61718E-3 3.83793E-3 3.8908E-3 3.90969E-3 9.86518E-3 2.28172E-2 2.27615E-2 5.53997E-2 1.17333E-1 1.17333E-1 2.31163E-1 3.51322E-1 3.71729E-1 3.69699E-1 3.69561E-1 3.76128E-1 3.74615E-1 4.83803E-1 4.83037E-1 4.7685E-1 4.7685E-1 4.78027E-1 4.86591E-1 5.83774E-1 5.8621E-1 5.59449E-1 3.49291E-1 3.52378E-1 3.52801E-1 3.63737E-1 3.63666E-1 4.70563E-1 4.60081E-1 4.70829E-1 4.70829E-1 3.57375E-1 3.58142E-1 3.60901E-1 3.9694E-1 2.6848E-1 3.99114E-1 3.74703E-1 3.75309E-1 5.33458E-1 4.90938E-1 4.95342E-1 6.3763E-1 6.3763E-1 -9999 -9999 -9999 -9999 -9999 -9999 -9999 -9999
-9999 1.03113E-4 8.07639E-6 2.71465E-5 2.77691E-5 8.59287E-5 5.95555E-4 5.97059E-4 1.57421E-3 7.77515E-4 1.94531E-3 1.57002E-3 1.5706E-3 3.5411E-3 3.56943E-3 8.58525E-3 9.88095E-3 2.34944E-2 2.34944E-2 5.37721E-2 5.42346E-2 1.17846E-1 2.29139E-1 2.41409E-1 3.71729E-1 3.86474E-1 3.78045E-1 3.78561E-1 3.76695E-1 3.7439E-1 3.70763E-1 3.70763E-1 4.75569E-1 4.7538E-1 5.88493E-1 5.88031E-1 5.90819E-1 3.58849E-1 3.57743E-1 3.58545E-1 3.58022E-1 4.65517E-1 4.65942E-1 4.69602E-1 4.72856E-1 4.72211E-1 3.61861E-1 3.55709E-1 3.96124E-1 3.98857E-1 3.9694E-1 3.74028E-1 3.75101E-1 3.77593E-1 3.75509E-1 3.75697E-1 5.34924E-1 6.14007E-1 6.14007E-1 6.5845E-1 -9999 -9999 -9999 -9999 -9999 -9999 -9999 -9999
-9999 -9999 8.26789E-6 2.73917E-5 2.33947E-6 2.80032E-5 2.33045E-4 6.0424E-4 1.51927E-3 1.87991E-3 1.8706E-3 1.85946E-3 1.5898E-3 1.57259E-3 3.51685E-3 3.51685E-3 9.88095E-3 2.40211E-2 2.40748E-2 5.28872E-2 1.1538E-1 1.17846E-1 3.68347E-1 3.70562E-1 3.84425E-1 4.82138E-1 4.7951E-1 4.86216E-1 4.86216E-1 4.80569E-1 4.74882E-1 3.68552E-1 4.74757E-1 5.72911E-1 5.77046E-1 4.96679E-1 4.96679E-1 3.60944E-1 3.5834E-1 3.52876E-1 4.62729E-1 4.60742E-1 4.63803E-1 4.63E-1 4.62262E-1 3.55702E-1 4.61443E-1 4.65154E-1 3.49308E-1 5.12361E-1 4.85275E-1 4.85275E-1 4.89956E-1 3.85636E-1 4.97545E-1 5.36499E-1 5.34924E-1 5.4125E-1 6.1702E-1 -9999 -9999 -9999 -9999 -9999 -9999 -9999 -9999 -9999
-9999 -9999 -9999 -9999 8.48696E-5 2.81191E-5 2.38561E-4 8.69117E-5 6.09571E-4 6.0789E-4 5.94718E-4 1.50615E-3 1.54983E-3 1.57259E-3 3.8609E-3 4.01011E-3 9.72558E-3 9.54468E-3 2.38109E-2 5.45684E-2 5.46425E-2 2.19021E-1 3.4928E-1 3.68271E-1 3.83574E-1 4.79401E-1 4.7951E-1 4.7652E-1 3.70047E-1 4.81049E-1 4.75344E-1 5.65423E-1 5.79289E-1 4.91048E-1 5.99681E-1 5.99681E-1 5.54067E-1 4.6577E-1 4.65465E-1 4.65465E-1 4.62729E-1 6.08612E-1 5.12086E-1 5.13228E-1 4.65142E-1 5.60022E-1 5.96925E-1 5.03953E-1 6.15873E-1 6.07081E-1 6.1829E-1 4.69631E-1 4.75552E-1 4.73298E-1 4.74725E-1 4.71446E-1 6.15724E-1 6.15724E-1 6.55375E-1 -9999 -9999 -9999 -9999 -9999 -9999 -9999 -9999 -9999
-9999 -9999 -9999 -9999 -9999 8.95617E-5 8.54993E-6 8.42359E-6 8.25262E-6 8.41185E-5 2.3473E-4 1.50576E-3 3.80544E-3 9.16874E-3 3.95327E-3 4.05051E-3 9.59157E-3 9.88813E-3 1.06815E-2 5.80026E-2 5.99164E-2 1.16702E-1 2.15513E-1 3.68271E-1 4.88923E-1 4.78669E-1 4.69531E-1 4.75515E-1 5.65084E-1 5.66286E-1 5.89746E-1 5.97233E-1 5.97233E-1 5.68044E-1 5.99414E-1 5.9335E-1 5.9335E-1 5.8894E-1 5.8894E-1 5.99163E-1 6.11349E-1 -9999 6.53185E-1 -9999 -9999 -9999 -9999 -9999 6.15873E-1 6.13101E-1 5.29652E-1 5.63641E-1 5.61967E-1 5.60794E-1 5.59689E-1 5.19395E-1 6.12971E-1 6.13784E-1 6.48592E-1 -9999 -9999 -9999 -9999 -9999 -9999 -9999 -9999 -9999
-9999 -9999 -9999 -9999 -9999 2.80302E-5 8.38003E-5 8.0469E-6 8.32336E-6 -9999 -9999 -9999 2.12354E-2 2.11607E-2 9.55867E-3 4.06286E-3 4.21103E-3 1.00368E-2 1.05918E-2 2.58396E-2 1.26222E-1 3.42499E-1 3.46863E-1 3.51855E-1 4.88923E-1 4.71539E-1 5.60946E-1 5.97253E-1 6.42562E-1 6.27698E-1 5.89746E-1 6.27671E-1 6.29052E-1 5.91243E-1 6.13068E-1 6.13068E-1 6.20216E-1 5.95479E-1 5.90606E-1 6.06982E-1 -9999 -9999 -9999 -9999 -9999 -9999 -9999 -9999 -9999 -9999 6.26334E-1 6.49774E-1 -9999 -9999 5.61778E-1 6.12689E-1 6.13784E-1 5.38884E-1 6.15768E-1 6.49873E-1 -9999 -9999 -9999 -9999 -9999 -9999 -9999 -9999
-9999 -9999 -9999 -9999 -9999 -9999 8.41995E-5 8.45076E-5 1.5113E-3 -9999 -9999 -9999 -9999 2.16197E-2 4.98955E-2 9.5313E-3 2.32296E-2 5.26225E-2 5.36249E-2 1.27037E-1 2.35976E-1 3.42499E-1 3.49634E-1 4.63513E-1 5.5642E-1 5.55472E-1 5.64706E-1 5.97253E-1 -9999 -9999 -9999 -9999 -9999 -9999 -9999 6.14255E-1 6.14255E-1 6.18737E-1 6.12003E-1 6.14904E-1 6.14904E-1 -9999 -9999 -9999 -9999 -9999 -9999 -9999 -9999 -9999 -9999 -9999 -9999 -9999 -9999 6.14218E-1 6.14727E-1 6.29176E-1 6.55107E-1 6.59949E-1 -9999 -9999 -9999 -9999 -9999 -9999 -9999 -9999
-9999 -9999 -9999 -9999 -9999 -9999 -9999 -9999 -9999 -9999 -9999 -9999 -9999 -9999 1.05854E-1 1.07391E-1 2.10881E-1 2.10881E-1 1.22231E-1 2.32592E-1 3.46328E-1 3.52738E-1 4.63009E-1 4.63009E-1 5.5642E-1 6.0929E-1 6.03494E-1 -9999 -9999 -9999 -9999 -9999 -9999 -9999 -9999 -9999 -9999 -9999 -9999 -9999 -9999 -9999 -9999 -9999 -9999 -9999 -9999 -9999 -9999 -9999 -9999 -9999 -9999 -9999 -9999 -9999 6.1499E-1 6.24581E-1 6.05281E-1 6.54322E-1 -9999 -9999 -9999 -9999 -9999 -9999 -9999 -9999
-9999 -9999 -9999 -9999 -9999 -9999 -9999 -9999 -9999 -9999 -9999 -9999 -9999 -9999 -9999 1.05257E-1 2.04883E-1 2.1181E-1 3.28114E-1 4.58199E-1 4.58199E-1 3.52738E-1 5.72395E-1 5.57345E-1 -9999 -9999 -9999 -9999 -9999 -9999 -9999 -9999 -9999 -9999 -9999 -9999 -9999 -9999 -9999 -9999 -9999 -9999 -9999 -9999 -9999 -9999 -9999 -9999 -9999 -9999 -9999 -9999 -9999 -9999 -9999 -9999 -9999 6.15144E-1 6.14578E-1 6.15671E-1 6.5858E-1 -9999 -9999 -9999 -9999 -9999 -9999 -9999
-9999 -9999 -9999 -9999 -9999 -9999 -9999 -9999 -9999 -9999 -9999 -9999 -9999 -9999 -9999 -9999 2.01376E-1 2.01376E-1 3.33266E-1 4.47243E-1 4.58679E-1 4.73204E-1 6.11367E-1 -9999 -9999 -9999 -9999 -9999 -9999 -9999 -9999 -9999 -9999 -9999 -9999 -9999 -9999 -9999 -9999 -9999 -9999 -9999 -9999 -9999 -9999 -9999 -9999 -9999 -9999 -9999 -9999 -9999 -9999 -9999 -9999 -9999 6.00854E-1 6.2329E-1 6.13787E-1 6.23832E-1 6.7459E-1 -9999 -9999 -9999 -9999 -9999 -9999 -9999
