Herrick/MaxEnt/G_lasianthus/gorlas_G_lasianthus_min.asc
ncols         74
nrows         38
xllcorner     -106.64565579308
yllcorner     24.396312300244
cellsize      0.427930777738
NODATA_value  -9999
[rows 0 to 29 of 38, columns 0 to 67 of 74]
-9999 -9999 -9999 -9999 -9999 -9999 -9999 -9999 -9999 -9999 -9999 -9999 -9999 -9999 -9999 -9999 -9999 -9999 -9999 -9999 -9999 -9999 -9999 -9999 -9999 -9999 -9999 -9999 -9999 -9999 -9999 -9999 -9999 -9999 -9999 -9999 -9999 -9999 -9999 -9999 -9999 -9999 -9999 -9999 -9999 -9999 -9999 -9999 -9999 -9999 -9999 -9999 -9999 -9999 -9999 -9999 -9999 -9999 -9999 -9999 -9999 -9999 -9999 -9999 -9999 -9999 -9999 -9999
-9999 -9999 -9999 -9999 -9999 -9999 -9999 -9999 -9999 -9999 -9999 -9999 -9999 -9999 -9999 -9999 -9999 -9999 -9999 -9999 -9999 -9999 -9999 -9999 -9999 -9999 -9999 -9999 -9999 -9999 -9999 -9999 -9999 -9999 -9999 -9999 -9999 -9999 -9999 -9999 -9999 -9999 -9999 -9999 -9999 -9999 -9999 -9999 -9999 -9999 -9999 -9999 -9999 -9999 -9999 -9999 -9999 -9999 -9999 -9999 -9999 -9999 -9999 -9999 -9999 -9999 -9999 -9999
-9999 -9999 -9999 -9999 -9999 -9999 -9999 -9999 -9999 -9999 -9999 -9999 -9999 -9999 -9999 -9999 -9999 -9999 -9999 -9999 -9999 -9999 -9999 -9999 -9999 -9999 -9999 -9999 -9999 -9999 -9999 -9999 -9999 -9999 -9999 -9999 -9999 -9999 -9999 -9999 -9999 -9999 -9999 -9999 -9999 -9999 -9999 -9999 -9999 -9999 -9999 -9999 -9999 -9999 -9999 -9999 -9999 -9999 -9999 -9999 1.78754E-2 1.78754E-2 1.54436E-2 4.88741E-3 3.30317E-4 3.30317E-4 1.78754E-2 5.92694E-2
-9999 -9999 -9999 -9999 -9999 -9999 -9999 -9999 -9999 -9999 -9999 -9999 -9999 -9999 -9999 -9999 -9999 -9999 -9999 -9999 -9999 -9999 -9999 -9999 -9999 -9999 -9999 -9999 -9999 -9999 -9999 -9999 -9999 -9999 -9999 -9999 -9999 -9999 -9999 -9999 -9999 -9999 -9999 -9999 -9999 -9999 -9999 -9999 -9999 -9999 -9999 -9999 -9999 -9999 -9999 -9999 -9999 -9999 5.92694E-2 5.92694E-2 5.92694E-2 1.78754E-2 1.78754E-2 1.28239E-3 3.30317E-4 5.92694E-2 5.92694E-2 1.60199E-1
-9999 -9999 -9999 -9999 -9999 -9999 -9999 -9999 -9999 -9999 -9999 -9999 -9999 -9999 -9999 -9999 -9999 -9999 -9999 -9999 -9999 -9999 -9999 -9999 -9999 -9999 -9999 -9999 -9999 -9999 -9999 -9999 -9999 -9999 -9999 -9999 -9999 -9999 -9999 -9999 -9999 -9999 -9999 -9999 -9999 -9999 -9999 -9999 -9999 -9999 1.2677E-1 1.52626E-1 1.52626E-1 -9999 -9999 5.92694E-2 -9999 1.48313E-1 5.92694E-2 5.92694E-2 5.71071E-2 4.88741E-3 4.88741E-3 4.38714E-6 4.88741E-3 4.88741E-3 5.92694E-2 1.60199E-1
-9999 -9999 -9999 -9999 -9999 -9999 -9999 -9999 -9999 -9999 -9999 -9999 -9999 -9999 -9999 -9999 -9999 -9999 -9999 -9999 -9999 -9999 -9999 -9999 -9999 -9999 -9999 -9999 -9999 -9999 -9999 -9999 -9999 -9999 -9999 -9999 -9999 -9999 -9999 -9999 -9999 -9999 -9999 -9999 -9999 -9999 -9999 -9999 -9999 5.92694E-2 4.40961E-2 4.40961E-2 5.92694E-2 5.92694E-2 5.92694E-2 5.92694E-2 1.38325E-1 1.38119E-1 5.92694E-2 5.92694E-2 5.71071E-2 4.38714E-6 4.38714E-6 1.9491E-5 4.88741E-3 4.88741E-3 4.88741E-3 2.48357E-1
-9999 -9999 -9999 -9999 -9999 -9999 -9999 -9999 -9999 -9999 -9999 -9999 -9999 -9999 -9999 -9999 -9999 -9999 -9999 -9999 -9999 -9999 -9999 -9999 -9999 -9999 -9999 -9999 -9999 -9999 -9999 -9999 -9999 -9999 -9999 -9999 -9999 -9999 -9999 -9999 -9999 -9999 -9999 -9999 -9999 -9999 2.29747E-1 1.50569E-1 1.53959E-1 1.27991E-1 5.92694E-2 5.92694E-2 5.92694E-2 5.92694E-2 5.92694E-2 5.92694E-2 5.92694E-2 5.92694E-2 5.92694E-2 1.28239E-3 1.28239E-3 4.38714E-6 3.30317E-4 3.30317E-4 3.30317E-4 4.88741E-3 2.28764E-1 3.57187E-1
-9999 -9999 -9999 -9999 -9999 -9999 -9999 -9999 -9999 -9999 -9999 -9999 -9999 -9999 -9999 -9999 -9999 -9999 -9999 -9999 -9999 -9999 -9999 -9999 -9999 -9999 -9999 -9999 -9999 -9999 -9999 -9999 -9999 -9999 -9999 -9999 -9999 -9999 -9999 -9999 -9999 -9999 -9999 1.97946E-1 1.73845E-1 2.1571E-1 9.59201E-2 9.9268E-2 1.43078E-1 5.92694E-2 5.92694E-2 5.92694E-2 5.92694E-2 5.35577E-2 5.92694E-2 1.78754E-2 1.78754E-2 1.78754E-2 4.88741E-3 8.35861E-5 3.30317E-4 3.30317E-4 1.28239E-3 4.88741E-3 5.92694E-2 1.38678E-1 2.35871E-1 3.53494E-1
-9999 -9999 -9999 -9999 -9999 -9999 -9999 -9999 -9999 -9999 -9999 -9999 -9999 -9999 -9999 -9999 -9999 -9999 -9999 -9999 -9999 -9999 -9999 -9999 -9999 -9999 -9999 -9999 -9999 -9999 -9999 -9999 -9999 -9999 -9999 -9999 -9999 -9999 -9999 -9999 -9999 2.39061E-1 2.22545E-1 1.73845E-1 8.27842E-2 1.78441E-1 1.76878E-1 1.28245E-1 1.25503E-1 5.92694E-2 5.92694E-2 5.61061E-2 1.78754E-2 1.78754E-2 1.78754E-2 1.78754E-2 4.88741E-3 3.30317E-4 3.30317E-4 1.9491E-5 3.30317E-4 3.30317E-4 1.28239E-3 5.92694E-2 5.92694E-2 1.45096E-1 2.42744E-1 3.45349E-1
-9999 -9999 -9999 -9999 -9999 -9999 -9999 -9999 -9999 -9999 -9999 -9999 -9999 -9999 -9999 -9999 -9999 -9999 -9999 -9999 -9999 -9999 -9999 -9999 -9999 -9999 -9999 -9999 -9999 -9999 -9999 -9999 -9999 -9999 -9999 -9999 -9999 -9999 -9999 -9999 3.26878E-1 2.12694E-1 2.14856E-1 2.25772E-1 1.26363E-1 1.26363E-1 1.24597E-1 5.56535E-2 5.6788E-2 4.92298E-2 5.1028E-2 5.49199E-2 1.78754E-2 1.78754E-2 1.28239E-3 3.30317E-4 3.30317E-4 3.30317E-4 3.30317E-4 1.9491E-5 8.35861E-5 3.30317E-4 5.89054E-2 1.24802E-1 1.366E-1 2.25199E-1 1.99741E-1 2.88684E-1
-9999 -9999 -9999 -9999 -9999 -9999 -9999 -9999 2.165E-8 8.91482E-7 4.38714E-6 4.38714E-6 1.9491E-5 1.9491E-5 8.35861E-5 8.35861E-5 -9999 -9999 -9999 -9999 -9999 -9999 -9999 -9999 -9999 -9999 -9999 -9999 5.92694E-2 1.78754E-2 1.78754E-2 1.78754E-2 5.92694E-2 5.92694E-2 1.47506E-1 5.92694E-2 1.09203E-1 1.99893E-1 -9999 -9999 3.22566E-1 2.35668E-1 2.26723E-1 2.25772E-1 2.0875E-1 1.29314E-1 1.26946E-1 8.43543E-2 1.14604E-1 4.92298E-2 1.65924E-2 4.88741E-3 4.88741E-3 1.78754E-2 1.78754E-2 4.88741E-3 4.88741E-3 8.35861E-5 4.38714E-6 8.35861E-5 3.30317E-4 5.21205E-2 5.35467E-2 1.23041E-1 1.28727E-1 2.15868E-1 1.83612E-1 3.23556E-1
-9999 -9999 -9999 -9999 -9999 -9999 -9999 -9999 2.165E-8 8.91482E-7 8.91482E-7 4.38714E-6 1.9491E-5 8.35861E-5 8.35861E-5 3.30317E-4 -9999 -9999 -9999 -9999 -9999 -9999 -9999 -9999 -9999 -9999 -9999 -9999 1.78754E-2 1.78754E-2 4.88741E-3 1.28239E-3 4.88741E-3 5.92694E-2 5.92694E-2 1.34235E-1 1.96974E-1 1.75395E-1 2.63052E-1 2.97497E-1 2.29831E-1 2.26246E-1 2.26723E-1 1.96921E-1 2.14569E-1 4.93043E-2 8.15678E-2 1.09033E-1 4.11143E-2 4.11143E-2 4.88741E-3 4.88741E-3 1.78754E-2 1.78754E-2 1.78754E-2 1.9491E-5 1.9491E-5 4.38714E-6 4.38714E-6 4.88741E-3 5.92694E-2 5.58319E-2 1.36378E-1 1.30571E-1 1.28727E-1 2.10732E-1 1.86449E-1 1.86449E-1
-9999 -9999 -9999 -9999 -9999 -9999 -9999 -9999 8.91482E-7 8.91482E-7 4.38714E-6 4.38714E-6 1.9491E-5 1.9491E-5 8.35861E-5 3.30317E-4 -9999 -9999 -9999 -9999 -9999 -9999 -9999 -9999 -9999 -9999 -9999 -9999 -9999 1.55192E-1 1.60199E-1 1.78754E-2 4.88741E-3 1.45292E-1 1.43437E-1 1.4518E-1 2.8885E-1 2.8885E-1 3.25833E-1 3.03022E-1 2.96216E-1 1.94895E-1 1.94659E-1 1.21633E-1 1.45998E-1 5.92694E-2 5.92694E-2 2.95465E-2 5.92694E-2 4.88741E-3 1.78754E-2 5.92694E-2 4.88741E-3 8.35861E-5 4.38714E-6 4.38714E-6 4.38714E-6 1.78754E-2 1.78754E-2 5.92694E-2 5.92694E-2 1.47174E-1 1.41206E-1 1.11901E-1 2.96533E-1 2.96533E-1 3.45551E-1 4.33848E-1
-9999 -9999 -9999 -9999 -9999 -9999 -9999 -9999 8.91482E-7 1.50917E-7 8.91482E-7 4.38714E-6 4.38714E-6 1.9491E-5 8.35861E-5 3.30317E-4 -9999 -9999 -9999 -9999 -9999 -9999 -9999 -9999 -9999 -9999 -9999 -9999 -9999 1.55192E-1 1.60199E-1 1.60199E-1 1.60199E-1 1.43959E-1 2.42142E-1 3.28991E-1 3.28991E-1 2.49772E-1 3.42917E-1 2.4279E-1 1.60199E-1 2.44992E-1 2.4733E-1 1.60199E-1 5.92694E-2 5.92694E-2 5.64856E-2 5.92694E-2 1.78754E-2 1.78754E-2 1.78754E-2 4.88741E-3 4.88741E-3 8.35861E-5 1.9491E-5 4.38714E-6 1.78754E-2 1.78754E-2 5.92694E-2 1.41001E-1 1.42238E-1 2.82804E-1 2.82804E-1 1.07651E-1 2.04422E-1 2.98409E-1 2.98409E-1 4.90735E-1
-9999 -9999 -9999 -9999 -9999 -9999 -9999 -9999 1.50917E-7 8.91482E-7 8.91482E-7 4.38714E-6 1.9491E-5 8.35861E-5 8.35861E-5 1.28239E-3 -9999 -9999 -9999 -9999 -9999 -9999 -9999 -9999 -9999 -9999 -9999 -9999 5.92694E-2 1.78754E-2 5.92694E-2 5.92694E-2 1.60199E-1 2.72468E-1 3.58854E-1 3.58206E-1 3.53959E-1 3.55866E-1 3.52383E-1 2.57288E-1 2.52836E-1 1.60199E-1 1.60199E-1 1.60199E-1 5.92694E-2 5.92694E-2 1.35646E-1 5.92694E-2 1.78754E-2 4.88741E-3 1.78754E-2 1.78754E-2 3.30317E-4 4.88741E-3 4.88741E-3 5.92694E-2 1.78754E-2 5.92694E-2 1.50662E-1 1.38524E-1 2.92625E-1 1.60199E-1 4.39191E-1 3.70983E-1 2.78521E-1 3.81611E-1 5.21632E-1 5.465E-1
-9999 -9999 -9999 -9999 -9999 -9999 -9999 -9999 8.91482E-7 8.91482E-7 4.38714E-6 4.38714E-6 1.9491E-5 8.35861E-5 3.30317E-4 1.28239E-3 4.88741E-3 1.78754E-2 1.78754E-2 5.92694E-2 -9999 -9999 -9999 -9999 -9999 -9999 -9999 -9999 5.92694E-2 5.92694E-2 5.92694E-2 5.92694E-2 3.07872E-1 3.92693E-1 3.67398E-1 3.6236E-1 3.4676E-1 3.56437E-1 3.56437E-1 3.75687E-1 2.83221E-1 2.60787E-1 2.76363E-1 2.85975E-1 1.60199E-1 1.45242E-1 1.51381E-1 5.92694E-2 5.92694E-2 5.92694E-2 5.92694E-2 5.92694E-2 5.92694E-2 5.92694E-2 5.92694E-2 1.51938E-1 1.47178E-1 1.51588E-1 1.48505E-1 2.57777E-1 2.48257E-1 3.61441E-1 5.03658E-1 5.03658E-1 4.75981E-1 4.84055E-1 5.33945E-1 -9999
-9999 -9999 -9999 -9999 -9999 -9999 -9999 -9999 8.91482E-7 8.91482E-7 4.38714E-6 1.9491E-5 1.9491E-5 1.9491E-5 3.30317E-4 4.88741E-3 4.88741E-3 1.78754E-2 1.78754E-2 5.92694E-2 5.92694E-2 5.60229E-2 5.55389E-2 1.24868E-1 1.33431E-1 1.02038E-1 1.21326E-1 2.0324E-1 1.97904E-1 2.99105E-1 3.01683E-1 3.1113E-1 3.07872E-1 4.04587E-1 4.09289E-1 3.61786E-1 4.75563E-1 4.75563E-1 4.62139E-1 2.90406E-1 2.80794E-1 2.98364E-1 2.76363E-1 3.73609E-1 1.60199E-1 1.60199E-1 1.60199E-1 1.60199E-1 1.51394E-1 5.92694E-2 1.78754E-2 5.92694E-2 5.92694E-2 1.60199E-1 1.60199E-1 1.60199E-1 1.60199E-1 2.53959E-1 1.60199E-1 3.1113E-1 3.1113E-1 3.61441E-1 2.83401E-1 5.29994E-1 5.33529E-1 -9999 -9999 -9999
-9999 -9999 -9999 -9999 -9999 -9999 -9999 -9999 8.91482E-7 8.91482E-7 4.38714E-6 1.9491E-5 8.35861E-5 8.35861E-5 1.28239E-3 4.88741E-3 4.88741E-3 4.88741E-3 1.78754E-2 1.78754E-2 5.92694E-2 5.92694E-2 1.34835E-1 1.38164E-1 1.33431E-1 8.88999E-2 2.11535E-1 2.19137E-1 1.9804E-1 2.99105E-1 4.13768E-1 3.1113E-1 4.25067E-1 4.0569E-1 4.2695E-1 4.84277E-1 4.84277E-1 4.70225E-1 4.8193E-1 3.01323E-1 2.95919E-1 2.98364E-1 3.75568E-1 3.68801E-1 3.02289E-1 3.02479E-1 5.92694E-2 1.60199E-1 1.60199E-1 1.55396E-1 5.92694E-2 5.92694E-2 5.92694E-2 5.92694E-2 1.58469E-1 2.61706E-1 2.57311E-1 2.58738E-1 4.55592E-1 2.24393E-1 4.4251E-1 2.87409E-1 4.99099E-1 5.72443E-1 -9999 -9999 -9999 -9999
-9999 -9999 -9999 -9999 -9999 -9999 -9999 -9999 8.91482E-7 4.38714E-6 1.9491E-5 1.9491E-5 8.35861E-5 8.35861E-5 1.28239E-3 4.88741E-3 4.88741E-3 4.88741E-3 1.78754E-2 1.78754E-2 1.78754E-2 5.92694E-2 1.34923E-1 1.3866E-1 2.44992E-1 2.81901E-1 9.82514E-2 3.01264E-1 3.1113E-1 4.16902E-1 4.17037E-1 4.16937E-1 4.09097E-1 4.30407E-1 4.20558E-1 4.21757E-1 4.77123E-1 4.25385E-1 3.47929E-1 2.86191E-1 2.84417E-1 2.88547E-1 3.07817E-1 3.94603E-1 3.56521E-1 2.88794E-1 2.78799E-1 1.60199E-1 1.60199E-1 1.60199E-1 5.92694E-2 5.92694E-2 5.92694E-2 2.70401E-1 2.70401E-1 2.77788E-1 2.66755E-1 4.26935E-1 4.59335E-1 5.89739E-1 5.89739E-1 3.99962E-1 6.00883E-1 -9999 -9999 -9999 -9999 -9999
-9999 -9999 -9999 -9999 -9999 -9999 -9999 -9999 4.38714E-6 4.38714E-6 1.9491E-5 1.9491E-5 8.35861E-5 3.30317E-4 3.30317E-4 1.28239E-3 4.88741E-3 1.78754E-2 1.78754E-2 1.78754E-2 1.78754E-2 5.92694E-2 1.36515E-1 1.41405E-1 2.73816E-1 1.60199E-1 2.80443E-1 3.1113E-1 3.1113E-1 3.1113E-1 4.25408E-1 4.30374E-1 4.27997E-1 4.07076E-1 4.99669E-1 4.99571E-1 4.94656E-1 4.40067E-1 3.62396E-1 2.63194E-1 2.84417E-1 2.81293E-1 2.98702E-1 3.87545E-1 3.51788E-1 3.4773E-1 2.78799E-1 2.70555E-1 2.66406E-1 1.60199E-1 2.66825E-1 1.60199E-1 3.1113E-1 3.1113E-1 2.96588E-1 2.91377E-1 4.38313E-1 4.59335E-1 4.59335E-1 5.89739E-1 6.15855E-1 -9999 -9999 -9999 -9999 -9999 -9999 -9999
1.50917E-7 1.50917E-7 2.165E-8 1.50917E-7 2.165E-8 8.91482E-7 8.91482E-7 1.9491E-5 1.9491E-5 1.9491E-5 8.35861E-5 8.35861E-5 8.35861E-5 3.30317E-4 3.30317E-4 3.30317E-4 1.28239E-3 4.88741E-3 4.88741E-3 1.78754E-2 5.92694E-2 5.92694E-2 1.54591E-1 2.63423E-1 2.8523E-1 2.85825E-1 3.006E-1 3.1113E-1 3.1113E-1 4.40008E-1 4.42602E-1 4.29E-1 4.29E-1 4.2656E-1 4.25138E-1 5.10922E-1 5.11457E-1 4.60016E-1 2.47148E-1 2.63194E-1 2.74733E-1 3.08396E-1 2.97816E-1 3.75671E-1 3.43539E-1 3.74957E-1 3.74957E-1 3.0112E-1 2.98382E-1 2.85268E-1 3.1113E-1 1.60199E-1 3.1113E-1 3.0778E-1 2.95889E-1 4.59335E-1 4.39575E-1 4.48302E-1 5.89739E-1 5.89739E-1 -9999 -9999 -9999 -9999 -9999 -9999 -9999 -9999
-9999 8.91482E-7 2.165E-8 1.50917E-7 1.50917E-7 8.91482E-7 1.9491E-5 1.9491E-5 8.35861E-5 1.9491E-5 8.35861E-5 8.35861E-5 8.35861E-5 3.30317E-4 3.30317E-4 1.28239E-3 1.28239E-3 4.88741E-3 4.88741E-3 1.78754E-2 1.78754E-2 5.92694E-2 1.60199E-1 1.60199E-1 2.8523E-1 3.1113E-1 3.1113E-1 3.1113E-1 3.1113E-1 3.1113E-1 3.1113E-1 3.1113E-1 4.181E-1 4.19944E-1 5.10053E-1 5.15683E-1 5.14601E-1 2.93693E-1 2.84748E-1 2.8696E-1 2.90768E-1 3.50082E-1 3.61351E-1 3.63192E-1 3.80949E-1 3.69443E-1 2.92507E-1 2.7574E-1 3.1113E-1 3.1113E-1 3.1113E-1 3.0366E-1 3.06269E-1 3.1113E-1 3.1113E-1 3.08164E-1 4.59335E-1 5.89739E-1 5.89739E-1 6.1509E-1 -9999 -9999 -9999 -9999 -9999 -9999 -9999 -9999
-9999 -9999 2.165E-8 1.50917E-7 2.89763E-9 1.50917E-7 4.38714E-6 1.9491E-5 8.35861E-5 8.35861E-5 8.35861E-5 8.35861E-5 8.35861E-5 8.35861E-5 3.30317E-4 3.30317E-4 1.28239E-3 4.88741E-3 4.88741E-3 1.78754E-2 5.92694E-2 5.92694E-2 3.1113E-1 3.1113E-1 3.1113E-1 4.28324E-1 4.07108E-1 4.44702E-1 4.44702E-1 4.28524E-1 4.04583E-1 3.1113E-1 4.12586E-1 5.1237E-1 5.1883E-1 4.24369E-1 4.24369E-1 2.88674E-1 2.71287E-1 2.64616E-1 3.31598E-1 3.20939E-1 3.36481E-1 3.38087E-1 3.20614E-1 2.54124E-1 3.24544E-1 3.45749E-1 2.71321E-1 4.59335E-1 4.39616E-1 4.39616E-1 4.42367E-1 3.1113E-1 4.52628E-1 4.59335E-1 4.59335E-1 4.59335E-1 5.89739E-1 -9999 -9999 -9999 -9999 -9999 -9999 -9999 -9999 -9999
-9999 -9999 -9999 -9999 8.91482E-7 1.50917E-7 4.38714E-6 8.91482E-7 1.9491E-5 1.9491E-5 1.9491E-5 8.35861E-5 8.35861E-5 8.35861E-5 3.30317E-4 3.30317E-4 1.28239E-3 1.28239E-3 4.88741E-3 1.78754E-2 1.78754E-2 1.60199E-1 2.95976E-1 3.1113E-1 3.1113E-1 4.1177E-1 4.07108E-1 3.80892E-1 3.09445E-1 4.24716E-1 3.86385E-1 4.26086E-1 5.02625E-1 4.2749E-1 4.71187E-1 4.71187E-1 4.1274E-1 3.48217E-1 3.41487E-1 3.41487E-1 3.31598E-1 5.89739E-1 4.59335E-1 4.59335E-1 3.13548E-1 3.70373E-1 5.69451E-1 4.59335E-1 5.89739E-1 5.791E-1 5.89739E-1 3.4724E-1 4.02225E-1 3.83867E-1 3.99385E-1 4.04858E-1 5.89739E-1 5.89739E-1 6.28779E-1 -9999 -9999 -9999 -9999 -9999 -9999 -9999 -9999 -9999
-9999 -9999 -9999 -9999 -9999 8.91482E-7 2.165E-8 2.165E-8 2.165E-8 8.91482E-7 4.38714E-6 8.35861E-5 3.30317E-4 1.28239E-3 3.30317E-4 3.30317E-4 1.28239E-3 1.28239E-3 1.28239E-3 1.78754E-2 1.78754E-2 5.92694E-2 1.57242E-1 3.1113E-1 4.4192E-1 4.19976E-1 3.49035E-1 3.65732E-1 4.44647E-1 4.60697E-1 4.02485E-1 4.28982E-1 4.28982E-1 4.92377E-1 4.59795E-1 4.38321E-1 4.38321E-1 4.14953E-1 4.14953E-1 5.66157E-1 5.89739E-1 -9999 6.32785E-1 -9999 -9999 -9999 -9999 -9999 5.89739E-1 5.8833E-1 4.59335E-1 3.98013E-1 4.01168E-1 4.26076E-1 3.9955E-1 4.59335E-1 5.89739E-1 5.89739E-1 6.09275E-1 -9999 -9999 -9999 -9999 -9999 -9999 -9999 -9999 -9999
-9999 -9999 -9999 -9999 -9999 1.50917E-7 8.91482E-7 2.165E-8 2.165E-8 -9999 -9999 -9999 4.88741E-3 4.88741E-3 1.28239E-3 3.30317E-4 3.30317E-4 1.28239E-3 1.28239E-3 4.88741E-3 5.92694E-2 2.51119E-1 2.71483E-1 2.91855E-1 4.4192E-1 3.83763E-1 4.2102E-1 4.51905E-1 6.20809E-1 5.5403E-1 4.02485E-1 5.61682E-1 5.80599E-1 4.4208E-1 5.35374E-1 5.35374E-1 5.63235E-1 4.35519E-1 4.29366E-1 4.98636E-1 -9999 -9999 -9999 -9999 -9999 -9999 -9999 -9999 -9999 -9999 5.5841E-1 6.18321E-1 -9999 -9999 3.98965E-1 5.89739E-1 5.89739E-1 4.59335E-1 5.79395E-1 6.00757E-1 -9999 -9999 -9999 -9999 -9999 -9999 -9999 -9999
-9999 -9999 -9999 -9999 -9999 -9999 8.91482E-7 8.91482E-7 8.35861E-5 -9999 -9999 -9999 -9999 4.88741E-3 1.78754E-2 1.28239E-3 4.88741E-3 1.78754E-2 1.78754E-2 5.92694E-2 1.60199E-1 2.51119E-1 2.77184E-1 3.91438E-1 4.72569E-1 4.64488E-1 4.84706E-1 4.51905E-1 -9999 -9999 -9999 -9999 -9999 -9999 -9999 5.29176E-1 5.29176E-1 5.27826E-1 5.16252E-1 5.21039E-1 5.21039E-1 -9999 -9999 -9999 -9999 -9999 -9999 -9999 -9999 -9999 -9999 -9999 -9999 -9999 -9999 5.89739E-1 5.89739E-1 5.89185E-1 6.15348E-1 6.20253E-1 -9999 -9999 -9999 -9999 -9999 -9999 -9999 -9999
-9999 -9999 -9999 -9999 -9999 -9999 -9999 -9999 -9999 -9999 -9999 -9999 -9999 -9999 5.6845E-2 5.92694E-2 1.24752E-1 1.24752E-1 5.92694E-2 1.60199E-1 2.70169E-1 2.83979E-1 3.93717E-1 3.93717E-1 4.72569E-1 5.13265E-1 4.45672E-1 -9999 -9999 -9999 -9999 -9999 -9999 -9999 -9999 -9999 -9999 -9999 -9999 -9999 -9999 -9999 -9999 -9999 -9999 -9999 -9999 -9999 -9999 -9999 -9999 -9999 -9999 -9999 -9999 -9999 5.79169E-1 5.89739E-1 5.63925E-1 6.13789E-1 -9999 -9999 -9999 -9999 -9999 -9999 -9999 -9999
-9999 -9999 -9999 -9999 -9999 -9999 -9999 -9999 -9999 -9999 -9999 -9999 -9999 -9999 -9999 5.37353E-2 1.07841E-1 1.31006E-1 1.98869E-1 3.23941E-1 3.23941E-1 2.83979E-1 5.02875E-1 5.08028E-1 -9999 -9999 -9999 -9999 -9999 -9999 -9999 -9999 -9999 -9999 -9999 -9999 -9999 -9999 -9999 -9999 -9999 -9999 -9999 -9999 -9999 -9999 -9999 -9999 -9999 -9999 -9999 -9999 -9999 -9999 -9999 -9999 -9999 5.68538E-1 5.59936E-1 5.72031E-1 6.07037E-1 -9999 -9999 -9999 -9999 -9999 -9999 -9999
-9999 -9999 -9999 -9999 -9999 -9999 -9999 -9999 -9999 -9999 -9999 -9999 -9999 -9999 -9999 -9999 9.89856E-2 9.89856E-2 1.95237E-1 2.89693E-1 3.30303E-1 3.83132E-1 5.45254E-1 -9999 -9999 -9999 -9999 -9999 -9999 -9999 -9999 -9999 -9999 -9999 -9999 -9999 -9999 -9999 -9999 -9999 -9999 -9999 -9999 -9999 -9999 -9999 -9999 -9999 -9999 -9999 -9999 -9999 -9999 -9999 -9999 -9999 5.23501E-1 5.80761E-1 5.58902E-1 5.74695E-1 6.28913E-1 -9999 -9999 -9999 -9999 -9999 -9999 -9999
