Herrick/MaxEnt/T_distichum_1979_08/Taxodium_distichum.asc
ncols         74
nrows         38
xllcorner     -106.64565579308
yllcorner     24.396312300244
cellsize      0.427930777738
NODATA_value  -9999
[rows 0 to 29 of 38, columns 0 to 67 of 74]
-9999 -9999 -9999 -9999 -9999 -9999 -9999 -9999 -9999 -9999 -9999 -9999 -9999 -9999 -9999 -9999 -9999 -9999 -9999 -9999 -9999 -9999 -9999 -9999 -9999 -9999 -9999 -9999 -9999 -9999 -9999 -9999 -9999 -9999 -9999 -9999 -9999 -9999 -9999 -9999 -9999 -9999 -9999 -9999 -9999 -9999 -9999 -9999 -9999 -9999 -9999 -9999 -9999 -9999 -9999 -9999 -9999 -9999 -9999 -9999 -9999 -9999 -9999 -9999 -9999 -9999 -9999 -9999
-9999 -9999 -9999 -9999 -9999 -9999 -9999 -9999 -9999 -9999 -9999 -9999 -9999 -9999 -9999 -9999 -9999 -9999 -9999 -9999 -9999 -9999 -9999 -9999 -9999 -9999 -9999 -9999 -9999 -9999 -9999 -9999 -9999 -9999 -9999 -9999 -9999 -9999 -9999 -9999 -9999 -9999 -9999 -9999 -9999 -9999 -9999 -9999 -9999 -9999 -9999 -9999 -9999 -9999 -9999 -9999 -9999 -9999 -9999 -9999 -9999 -9999 -9999 -9999 -9999 -9999 -9999 -9999
-9999 -9999 -9999 -9999 -9999 -9999 -9999 -9999 -9999 -9999 -9999 -9999 -9999 -9999 -9999 -9999 -9999 -9999 -9999 -9999 -9999 -9999 -9999 -9999 -9999 -9999 -9999 -9999 -9999 -9999 -9999 -9999 -9999 -9999 -9999 -9999 -9999 -9999 -9999 -9999 -9999 -9999 -9999 -9999 -9999 -9999 -9999 -9999 -9999 -9999 -9999 -9999 -9999 -9999 -9999 -9999 -9999 -9999 -9999 -9999 8.74795E-2 8.74795E-2 7.79051E-2 6.58595E-2 3.46893E-2 3.46893E-2 6.69862E-2 7.56392E-2
-9999 -9999 -9999 -9999 -9999 -9999 -9999 -9999 -9999 -9999 -9999 -9999 -9999 -9999 -9999 -9999 -9999 -9999 -9999 -9999 -9999 -9999 -9999 -9999 -9999 -9999 -9999 -9999 -9999 -9999 -9999 -9999 -9999 -9999 -9999 -9999 -9999 -9999 -9999 -9999 -9999 -9999 -9999 -9999 -9999 -9999 -9999 -9999 -9999 -9999 -9999 -9999 -9999 -9999 -9999 -9999 -9999 -9999 1.17809E-1 1.20925E-1 1.18027E-1 9.15643E-2 9.17217E-2 5.25287E-2 2.79583E-2 7.05834E-2 7.05834E-2 1.44448E-1
-9999 -9999 -9999 -9999 -9999 -9999 -9999 -9999 -9999 -9999 -9999 -9999 -9999 -9999 -9999 -9999 -9999 -9999 -9999 -9999 -9999 -9999 -9999 -9999 -9999 -9999 -9999 -9999 -9999 -9999 -9999 -9999 -9999 -9999 -9999 -9999 -9999 -9999 -9999 -9999 -9999 -9999 -9999 -9999 -9999 -9999 -9999 -9999 -9999 -9999 1.85516E-1 2.11307E-1 2.11307E-1 -9999 -9999 1.26844E-1 -9999 2.19404E-1 1.2434E-1 1.25773E-1 1.29443E-1 7.7332E-2 7.7332E-2 1.51132E-2 4.61704E-2 4.61704E-2 7.43871E-2 1.76002E-1
-9999 -9999 -9999 -9999 -9999 -9999 -9999 -9999 -9999 -9999 -9999 -9999 -9999 -9999 -9999 -9999 -9999 -9999 -9999 -9999 -9999 -9999 -9999 -9999 -9999 -9999 -9999 -9999 -9999 -9999 -9999 -9999 -9999 -9999 -9999 -9999 -9999 -9999 -9999 -9999 -9999 -9999 -9999 -9999 -9999 -9999 -9999 -9999 -9999 5.45919E-2 7.24457E-2 7.24457E-2 1.43388E-1 1.05251E-1 1.25732E-1 1.24978E-1 2.05416E-1 2.077E-1 1.37757E-1 1.33395E-1 1.29443E-1 1.08637E-2 1.51132E-2 1.80945E-2 5.4593E-2 5.26205E-2 6.53395E-2 3.47735E-1
-9999 -9999 -9999 -9999 -9999 -9999 -9999 -9999 -9999 -9999 -9999 -9999 -9999 -9999 -9999 -9999 -9999 -9999 -9999 -9999 -9999 -9999 -9999 -9999 -9999 -9999 -9999 -9999 -9999 -9999 -9999 -9999 -9999 -9999 -9999 -9999 -9999 -9999 -9999 -9999 -9999 -9999 -9999 -9999 -9999 -9999 8.70998E-2 3.8367E-2 7.31584E-2 9.47181E-2 1.00524E-1 1.00524E-1 1.44966E-1 5.96435E-2 3.23631E-2 5.98074E-2 9.91654E-2 1.04188E-1 1.36293E-1 5.57658E-2 5.57658E-2 1.08637E-2 3.03659E-2 3.59297E-2 3.59297E-2 4.28639E-2 3.10287E-1 3.84529E-1
-9999 -9999 -9999 -9999 -9999 -9999 -9999 -9999 -9999 -9999 -9999 -9999 -9999 -9999 -9999 -9999 -9999 -9999 -9999 -9999 -9999 -9999 -9999 -9999 -9999 -9999 -9999 -9999 -9999 -9999 -9999 -9999 -9999 -9999 -9999 -9999 -9999 -9999 -9999 -9999 -9999 -9999 -9999 2.38387E-1 1.5667E-1 1.16249E-1 4.5642E-2 6.43479E-2 7.05988E-2 4.43346E-2 4.43346E-2 8.22889E-2 5.21113E-2 3.60635E-2 4.84057E-2 8.03237E-2 8.81609E-2 6.81047E-2 8.80107E-2 1.9755E-2 5.30595E-2 3.57425E-2 4.42083E-2 2.79061E-2 1.21042E-1 1.9685E-1 3.09673E-1 4.0326E-1
-9999 -9999 -9999 -9999 -9999 -9999 -9999 -9999 -9999 -9999 -9999 -9999 -9999 -9999 -9999 -9999 -9999 -9999 -9999 -9999 -9999 -9999 -9999 -9999 -9999 -9999 -9999 -9999 -9999 -9999 -9999 -9999 -9999 -9999 -9999 -9999 -9999 -9999 -9999 -9999 -9999 2.32999E-1 2.9704E-1 1.5667E-1 5.87667E-2 1.6739E-1 1.78651E-1 6.36517E-2 1.50263E-1 4.57864E-2 7.34661E-2 4.44392E-2 3.60807E-2 2.83082E-2 3.7811E-2 4.07226E-2 6.43601E-2 4.91654E-2 5.89384E-2 2.33299E-2 4.35043E-2 3.37372E-2 5.14069E-2 1.12192E-1 1.10321E-1 1.75476E-1 3.12177E-1 4.38244E-1
-9999 -9999 -9999 -9999 -9999 -9999 -9999 -9999 -9999 -9999 -9999 -9999 -9999 -9999 -9999 -9999 -9999 -9999 -9999 -9999 -9999 -9999 -9999 -9999 -9999 -9999 -9999 -9999 -9999 -9999 -9999 -9999 -9999 -9999 -9999 -9999 -9999 -9999 -9999 -9999 2.43367E-1 2.75257E-1 2.89325E-1 2.88841E-1 1.38631E-1 1.38631E-1 1.58122E-1 1.71074E-1 9.65657E-2 1.30647E-1 4.3487E-2 6.71987E-2 3.70658E-2 4.81777E-2 4.01879E-2 2.57817E-2 4.08506E-2 4.67354E-2 4.67354E-2 2.33299E-2 1.26147E-2 1.76398E-2 6.74056E-2 1.96224E-1 1.82496E-1 3.25375E-1 3.19419E-1 4.44625E-1
-9999 -9999 -9999 -9999 -9999 -9999 -9999 -9999 1.73481E-2 2.37975E-2 2.88587E-2 2.88587E-2 5.43284E-2 6.87232E-2 9.17562E-2 4.96222E-2 -9999 -9999 -9999 -9999 -9999 -9999 -9999 -9999 -9999 -9999 -9999 -9999 5.38203E-2 1.1864E-1 1.14653E-1 1.11894E-1 9.50397E-2 1.35059E-1 1.4559E-1 1.35943E-1 1.0607E-1 3.67897E-1 -9999 -9999 3.64646E-1 3.30095E-1 3.28093E-1 2.88841E-1 3.88108E-1 2.45663E-1 2.73122E-1 2.97336E-1 2.8707E-1 1.30647E-1 4.40754E-2 2.58447E-2 2.34207E-2 1.20807E-1 1.49985E-1 1.23509E-1 1.22544E-1 1.32881E-2 4.46781E-3 7.96229E-3 2.45664E-2 1.47585E-1 1.32533E-1 2.0183E-1 2.02104E-1 3.29225E-1 3.32897E-1 4.55578E-1
-9999 -9999 -9999 -9999 -9999 -9999 -9999 -9999 1.54196E-2 3.80728E-2 2.38232E-2 2.93321E-2 6.00536E-2 5.25863E-2 5.21764E-2 6.36959E-2 -9999 -9999 -9999 -9999 -9999 -9999 -9999 -9999 -9999 -9999 -9999 -9999 5.08371E-2 1.1864E-1 5.89465E-3 5.55881E-3 1.32098E-2 2.72535E-2 2.72535E-2 2.25966E-1 4.05971E-1 3.74018E-1 3.80527E-1 3.45055E-1 2.16066E-1 2.15017E-1 3.28093E-1 4.16539E-1 4.16677E-1 1.40599E-1 2.80327E-1 2.76517E-1 1.8767E-1 1.8767E-1 3.98708E-2 4.48919E-2 6.97949E-2 7.77407E-2 1.57733E-1 1.55773E-2 5.46283E-3 1.12931E-2 4.46781E-3 4.54109E-2 1.41977E-1 1.34126E-1 6.36774E-2 2.03833E-1 2.02104E-1 3.55223E-1 3.42649E-1 3.42649E-1
-9999 -9999 -9999 -9999 -9999 -9999 -9999 -9999 4.70402E-2 3.74755E-2 4.92421E-2 4.1598E-2 6.00536E-2 5.3993E-2 5.21764E-2 7.96827E-2 -9999 -9999 -9999 -9999 -9999 -9999 -9999 -9999 -9999 -9999 -9999 -9999 -9999 2.02459E-1 5.16939E-2 2.54148E-2 1.32098E-2 1.53683E-1 1.48101E-1 1.19337E-1 1.94003E-1 1.94003E-1 1.94268E-1 2.70538E-1 3.51415E-1 3.2861E-1 4.40974E-1 2.28005E-1 2.6054E-1 1.44463E-1 1.82179E-1 1.77512E-1 1.93148E-1 7.51784E-2 7.17769E-2 1.63456E-1 3.67346E-2 9.9147E-3 9.47381E-3 1.37549E-2 1.37549E-2 4.19453E-2 2.84326E-2 4.36107E-2 1.40597E-1 2.24215E-1 4.58903E-2 2.13214E-1 4.83856E-1 4.83856E-1 4.78023E-1 5.2147E-1
-9999 -9999 -9999 -9999 -9999 -9999 -9999 -9999 3.7733E-2 2.73985E-2 4.07425E-2 5.33084E-2 5.85218E-2 7.07506E-2 9.88425E-2 1.24631E-1 -9999 -9999 -9999 -9999 -9999 -9999 -9999 -9999 -9999 -9999 -9999 -9999 -9999 2.02459E-1 4.15259E-2 1.74573E-1 1.91731E-1 1.4704E-1 2.76488E-1 1.63158E-1 1.63158E-1 1.69649E-1 1.73176E-1 4.09221E-1 8.34716E-2 1.89425E-1 4.80165E-1 3.08602E-1 1.51394E-1 2.00386E-1 1.91741E-1 1.87207E-1 8.26084E-2 6.12455E-2 1.52294E-1 1.45096E-2 4.88451E-2 1.04454E-2 8.20725E-3 8.21384E-3 3.11025E-2 4.67263E-2 1.22607E-1 2.37633E-1 2.28844E-1 3.94275E-1 3.94275E-1 2.26493E-1 3.9541E-1 4.97702E-1 4.97702E-1 4.02054E-1
-9999 -9999 -9999 -9999 -9999 -9999 -9999 -9999 3.07196E-2 3.21046E-2 3.3609E-2 5.51207E-2 8.05482E-2 1.04872E-1 9.88425E-2 1.62393E-1 -9999 -9999 -9999 -9999 -9999 -9999 -9999 -9999 -9999 -9999 -9999 -9999 1.6081E-2 1.44476E-2 2.95256E-2 8.67406E-2 1.46784E-1 1.67584E-1 3.96377E-1 2.40049E-1 1.77238E-1 2.0618E-1 2.21585E-1 2.46466E-1 2.57145E-1 5.91867E-2 3.08602E-1 2.63364E-1 1.91333E-1 2.02187E-1 3.28215E-1 1.88204E-1 8.29019E-2 4.27729E-2 4.27943E-2 5.6224E-2 1.70776E-2 4.96744E-2 2.534E-2 1.38663E-1 3.11025E-2 1.43309E-1 2.41928E-1 2.38854E-1 3.98939E-1 2.46526E-1 5.26178E-1 5.27222E-1 3.95164E-1 5.49901E-1 5.55519E-1 3.97349E-1
-9999 -9999 -9999 -9999 -9999 -9999 -9999 -9999 3.92879E-2 3.92879E-2 5.37422E-2 5.5257E-2 7.40139E-2 1.06876E-1 1.28704E-1 1.77869E-1 1.90332E-1 1.84762E-1 1.68998E-1 1.55383E-1 -9999 -9999 -9999 -9999 -9999 -9999 -9999 -9999 2.98142E-2 2.98142E-2 2.42086E-2 2.17399E-2 1.2786E-1 3.124E-1 2.96791E-1 2.55334E-1 2.0803E-1 2.22974E-1 2.22974E-1 3.16101E-1 2.05715E-1 3.73016E-1 4.51703E-1 4.55442E-1 2.61106E-1 3.3958E-1 3.38211E-1 1.73934E-1 1.79381E-1 2.0851E-1 2.05206E-1 2.13047E-1 2.04511E-1 1.54057E-1 1.54057E-1 2.68891E-1 2.53945E-1 2.45463E-1 2.44098E-1 5.18386E-1 4.08919E-1 3.0455E-1 5.70552E-1 5.70552E-1 5.68934E-1 5.62351E-1 5.54454E-1 -9999
-9999 -9999 -9999 -9999 -9999 -9999 -9999 -9999 5.02927E-2 5.01805E-2 6.31877E-2 7.28656E-2 7.28656E-2 7.67128E-2 1.25177E-1 1.84638E-1 1.86283E-1 1.49349E-1 1.22103E-1 1.0952E-1 1.13465E-1 1.28041E-1 1.11147E-1 2.43932E-1 3.07416E-1 3.20858E-1 2.92938E-1 1.91022E-1 1.9427E-1 2.71678E-1 2.90809E-1 1.04195E-1 1.2786E-1 4.37304E-1 1.85659E-1 1.95422E-1 1.76778E-1 1.76778E-1 3.94539E-1 2.3325E-1 2.504E-1 2.07687E-1 4.51703E-1 6.45742E-1 3.23989E-1 3.39864E-1 3.4437E-1 3.4437E-1 3.11344E-1 1.92739E-1 1.42695E-1 1.88164E-1 1.93122E-1 2.63317E-1 2.6156E-1 2.57259E-1 2.5621E-1 4.28315E-1 2.57112E-1 4.11599E-1 4.11599E-1 3.0455E-1 5.29445E-1 5.66615E-1 5.61104E-1 -9999 -9999 -9999
-9999 -9999 -9999 -9999 -9999 -9999 -9999 -9999 5.33989E-2 5.33989E-2 6.75673E-2 8.16483E-2 1.11089E-1 9.11648E-2 1.22221E-1 1.60333E-1 1.82349E-1 1.25526E-1 1.11538E-1 1.44188E-1 1.13479E-1 1.54701E-1 3.14608E-1 3.20206E-1 3.07416E-1 3.38217E-1 3.90651E-1 3.38034E-1 1.69449E-1 2.71678E-1 3.98414E-1 7.3851E-2 3.00336E-1 4.02106E-1 1.08234E-1 2.23217E-1 2.23217E-1 3.09496E-1 3.73288E-1 2.30549E-1 2.71673E-1 2.07687E-1 5.62893E-1 5.68375E-1 4.90159E-1 5.0097E-1 1.06722E-1 1.81401E-1 3.04145E-1 3.00421E-1 1.70681E-1 1.62589E-1 1.64221E-1 1.64221E-1 2.69443E-1 4.38813E-1 4.32987E-1 4.31493E-1 5.5941E-1 4.20188E-1 5.09165E-1 5.53517E-1 5.73742E-1 5.64395E-1 -9999 -9999 -9999 -9999
-9999 -9999 -9999 -9999 -9999 -9999 -9999 -9999 4.57176E-2 6.96404E-2 9.0594E-2 7.60645E-2 1.13272E-1 1.10364E-1 1.32705E-1 1.29232E-1 8.07317E-2 9.36245E-2 1.13152E-1 1.2771E-1 1.17873E-1 2.18948E-1 3.11419E-1 3.18192E-1 4.78599E-1 5.0016E-1 2.79912E-1 4.65462E-1 2.16038E-1 3.88218E-1 4.17385E-1 3.63586E-1 5.11301E-1 5.47521E-1 4.71835E-1 2.77582E-1 1.61139E-1 3.41951E-1 4.99615E-1 3.21284E-1 3.16537E-1 3.65466E-1 2.09386E-1 6.37877E-1 6.70639E-1 4.55891E-1 3.83308E-1 1.68723E-1 1.7964E-1 3.12486E-1 1.74544E-1 1.68995E-1 1.65826E-1 4.47975E-1 4.47975E-1 4.5128E-1 4.40864E-1 5.61074E-1 5.63151E-1 6.00316E-1 6.00316E-1 5.79914E-1 5.8663E-1 -9999 -9999 -9999 -9999 -9999
-9999 -9999 -9999 -9999 -9999 -9999 -9999 -9999 6.42719E-2 6.42719E-2 8.4657E-2 7.60645E-2 7.78267E-2 1.01537E-1 9.88046E-2 1.12394E-1 8.72516E-2 9.62623E-2 7.96155E-2 1.1208E-1 9.74408E-2 1.44121E-1 3.04035E-1 3.17658E-1 4.95284E-1 3.24434E-1 4.82997E-1 3.49276E-1 3.44163E-1 3.44163E-1 5.13716E-1 5.99553E-1 6.18773E-1 6.16745E-1 6.55783E-1 3.49223E-1 1.60963E-1 3.47793E-1 2.3337E-1 2.10058E-1 3.16537E-1 2.92102E-1 3.74287E-1 5.68217E-1 5.41033E-1 5.482E-1 3.83308E-1 5.62258E-1 5.64581E-1 3.49764E-1 4.91165E-1 2.93374E-1 4.53446E-1 4.53446E-1 4.50168E-1 4.5131E-1 5.69994E-1 4.09699E-1 5.65788E-1 6.03008E-1 5.89174E-1 -9999 -9999 -9999 -9999 -9999 -9999 -9999
2.86551E-2 2.64511E-2 1.63272E-2 2.16499E-2 2.78179E-2 6.14251E-2 6.14251E-2 8.68043E-2 8.6259E-2 7.30314E-2 7.94382E-2 7.33366E-2 8.61502E-2 7.73205E-2 9.88046E-2 1.04525E-1 9.44698E-2 1.02271E-1 1.57596E-1 1.84259E-1 1.46405E-1 1.46405E-1 3.09931E-1 4.84965E-1 5.01618E-1 4.89769E-1 4.71804E-1 4.61576E-1 4.59119E-1 5.78861E-1 5.89552E-1 6.15624E-1 6.15624E-1 5.82251E-1 3.00441E-1 2.2438E-1 2.2601E-1 3.45075E-1 2.46745E-1 2.10058E-1 2.92517E-1 4.24073E-1 3.48124E-1 5.66785E-1 6.21711E-1 5.79146E-1 5.79146E-1 5.22305E-1 4.87704E-1 4.8825E-1 4.61038E-1 2.93374E-1 4.62692E-1 4.49239E-1 4.49193E-1 5.83135E-1 5.78695E-1 5.78195E-1 6.15889E-1 6.15889E-1 -9999 -9999 -9999 -9999 -9999 -9999 -9999 -9999
-9999 4.31732E-2 1.68834E-2 2.31596E-2 2.45223E-2 5.05851E-2 5.75632E-2 6.81761E-2 6.40406E-2 5.0102E-2 5.49149E-2 7.33366E-2 8.07723E-2 7.18589E-2 6.69924E-2 1.02184E-1 9.4482E-2 1.40962E-1 1.40962E-1 2.09988E-1 2.16526E-1 2.25259E-1 3.13406E-1 3.32343E-1 5.01618E-1 4.927E-1 4.60185E-1 4.54266E-1 4.03139E-1 4.38882E-1 4.4009E-1 4.4009E-1 5.97844E-1 5.8565E-1 3.03682E-1 1.98564E-1 2.30302E-1 4.00656E-1 3.4894E-1 3.21324E-1 4.51132E-1 6.41898E-1 6.85327E-1 4.89433E-1 6.10856E-1 5.44076E-1 4.32324E-1 5.46671E-1 4.58765E-1 4.6096E-1 4.61038E-1 4.59152E-1 4.55185E-1 4.47136E-1 4.48869E-1 4.47972E-1 5.77287E-1 6.20355E-1 6.20355E-1 6.00147E-1 -9999 -9999 -9999 -9999 -9999 -9999 -9999 -9999
-9999 -9999 2.11874E-2 2.93716E-2 9.46848E-3 2.23782E-2 4.22649E-2 4.30955E-2 4.39726E-2 4.37245E-2 4.19664E-2 4.04116E-2 5.82514E-2 5.05824E-2 6.20012E-2 6.20012E-2 9.4482E-2 1.62852E-1 1.59393E-1 2.03671E-1 2.15261E-1 2.25259E-1 4.89351E-1 5.02197E-1 4.96375E-1 6.32348E-1 6.43196E-1 5.96629E-1 5.96629E-1 6.13599E-1 6.25555E-1 4.50056E-1 6.41596E-1 5.1215E-1 3.24121E-1 1.50673E-1 1.50673E-1 3.76122E-1 3.70572E-1 5.13001E-1 6.75804E-1 5.6545E-1 6.69419E-1 6.68953E-1 6.34702E-1 4.85202E-1 6.71212E-1 6.94714E-1 5.70206E-1 6.04489E-1 5.63374E-1 5.63374E-1 3.87415E-1 1.85853E-1 5.71718E-1 5.82235E-1 5.77287E-1 5.76919E-1 6.18893E-1 -9999 -9999 -9999 -9999 -9999 -9999 -9999 -9999 -9999
-9999 -9999 -9999 -9999 4.49992E-2 3.19612E-2 5.24365E-2 3.29418E-2 5.18613E-2 5.13126E-2 3.98821E-2 4.51308E-2 5.10599E-2 5.05824E-2 6.05727E-2 9.29831E-2 1.27541E-1 1.25972E-1 1.43572E-1 1.55893E-1 1.75287E-1 2.95898E-1 4.69655E-1 4.83713E-1 4.84447E-1 6.48302E-1 6.43196E-1 6.54799E-1 3.86499E-1 6.09306E-1 6.58937E-1 5.42784E-1 3.88691E-1 3.65471E-1 5.52069E-1 5.52069E-1 6.91569E-1 5.49634E-1 6.79535E-1 6.79535E-1 6.75804E-1 6.37468E-1 5.85836E-1 5.84755E-1 4.59397E-1 3.84931E-1 6.39712E-1 5.94504E-1 6.5311E-1 6.52928E-1 6.49037E-1 6.93008E-1 5.93551E-1 6.74484E-1 6.11544E-1 6.07124E-1 6.26069E-1 6.26069E-1 6.00022E-1 -9999 -9999 -9999 -9999 -9999 -9999 -9999 -9999 -9999
-9999 -9999 -9999 -9999 -9999 6.4647E-2 2.42501E-2 1.43538E-2 1.1892E-2 2.43094E-2 3.07183E-2 5.00506E-2 7.86359E-2 7.52989E-2 7.10015E-2 8.80015E-2 1.18205E-1 1.22802E-1 1.30042E-1 2.07365E-1 1.98709E-1 2.32925E-1 1.60924E-1 4.83713E-1 5.94126E-1 6.13009E-1 6.74335E-1 5.35351E-1 7.11908E-1 7.0505E-1 6.67919E-1 6.00426E-1 6.00426E-1 5.47276E-1 6.19341E-1 6.1126E-1 6.1126E-1 6.89672E-1 6.89672E-1 6.47748E-1 6.41773E-1 -9999 6.23718E-1 -9999 -9999 -9999 -9999 -9999 6.5311E-1 6.47937E-1 5.93001E-1 6.36684E-1 5.63174E-1 7.32159E-1 7.05915E-1 5.87566E-1 6.33875E-1 6.32199E-1 6.12205E-1 -9999 -9999 -9999 -9999 -9999 -9999 -9999 -9999 -9999
-9999 -9999 -9999 -9999 -9999 3.11095E-2 3.55403E-2 1.33327E-2 1.4786E-2 -9999 -9999 -9999 6.04275E-2 4.31747E-2 8.48151E-2 9.11283E-2 1.07844E-1 1.22545E-1 1.27359E-1 1.538E-1 2.36018E-1 3.0048E-1 3.72409E-1 4.90852E-1 5.94126E-1 5.85521E-1 7.10096E-1 6.74968E-1 4.65105E-1 6.47349E-1 6.67919E-1 6.51338E-1 6.253E-1 6.86392E-1 6.53135E-1 6.53135E-1 6.17617E-1 6.9163E-1 7.08545E-1 6.67931E-1 -9999 -9999 -9999 -9999 -9999 -9999 -9999 -9999 -9999 -9999 6.34973E-1 6.22651E-1 -9999 -9999 6.79105E-1 6.32555E-1 6.32199E-1 5.84052E-1 6.30885E-1 6.10641E-1 -9999 -9999 -9999 -9999 -9999 -9999 -9999 -9999
-9999 -9999 -9999 -9999 -9999 -9999 3.39607E-2 3.99115E-2 5.06962E-2 -9999 -9999 -9999 -9999 5.28373E-2 3.93755E-2 7.55475E-2 1.08953E-1 8.78999E-2 1.3843E-1 2.38804E-1 2.95547E-1 3.0048E-1 4.11069E-1 5.9795E-1 6.31E-1 6.24606E-1 6.79136E-1 6.74968E-1 -9999 -9999 -9999 -9999 -9999 -9999 -9999 6.76816E-1 6.76816E-1 6.68993E-1 6.63376E-1 6.61403E-1 6.61403E-1 -9999 -9999 -9999 -9999 -9999 -9999 -9999 -9999 -9999 -9999 -9999 -9999 -9999 -9999 6.34122E-1 6.33944E-1 6.29187E-1 6.11657E-1 6.04549E-1 -9999 -9999 -9999 -9999 -9999 -9999 -9999 -9999
-9999 -9999 -9999 -9999 -9999 -9999 -9999 -9999 -9999 -9999 -9999 -9999 -9999 -9999 2.37658E-2 3.27613E-2 6.93053E-2 6.93053E-2 1.63242E-1 2.60618E-1 3.9318E-1 4.47528E-1 5.9633E-1 5.9633E-1 6.31E-1 6.83448E-1 4.86913E-1 -9999 -9999 -9999 -9999 -9999 -9999 -9999 -9999 -9999 -9999 -9999 -9999 -9999 -9999 -9999 -9999 -9999 -9999 -9999 -9999 -9999 -9999 -9999 -9999 -9999 -9999 -9999 -9999 -9999 6.41107E-1 6.33616E-1 6.36535E-1 6.06399E-1 -9999 -9999 -9999 -9999 -9999 -9999 -9999 -9999
-9999 -9999 -9999 -9999 -9999 -9999 -9999 -9999 -9999 -9999 -9999 -9999 -9999 -9999 -9999 4.31889E-2 4.11667E-2 8.74159E-2 1.39938E-1 3.7127E-1 3.7127E-1 4.47528E-1 6.35636E-1 6.34228E-1 -9999 -9999 -9999 -9999 -9999 -9999 -9999 -9999 -9999 -9999 -9999 -9999 -9999 -9999 -9999 -9999 -9999 -9999 -9999 -9999 -9999 -9999 -9999 -9999 -9999 -9999 -9999 -9999 -9999 -9999 -9999 -9999 -9999 6.44598E-1 6.3389E-1 6.31188E-1 6.09188E-1 -9999 -9999 -9999 -9999 -9999 -9999 -9999
-9999 -9999 -9999 -9999 -9999 -9999 -9999 -9999 -9999 -9999 -9999 -9999 -9999 -9999 -9999 -9999 3.31081E-2 3.31081E-2 1.28464E-1 2.68865E-1 4.01707E-1 5.82218E-1 6.30612E-1 -9999 -9999 -9999 -9999 -9999 -9999 -9999 -9999 -9999 -9999 -9999 -9999 -9999 -9999 -9999 -9999 -9999 -9999 -9999 -9999 -9999 -9999 -9999 -9999 -9999 -9999 -9999 -9999 -9999 -9999 -9999 -9999 -9999 6.48838E-1 6.35774E-1 6.37945E-1 6.29792E-1 6.08681E-1 -9999 -9999 -9999 -9999 -9999 -9999 -9999
